IID	SIM1	SIM2	SIM3	SIM4	SIM5	SIM6	SIM7	SIM8	SIM9	SIM10	SIM11	SIM12	SIM13	SIM14	SIM15	SIM16	SIM17	SIM18	SIM19	SIM20	SIM21	SIM22	SIM23	SIM24	SIM25	SIM26	SIM27	SIM28	SIM29	SIM30	SIM31	SIM32	SIM33	SIM34	SIM35	SIM36	SIM37	SIM38	SIM39	SIM40	SIM41	SIM42	SIM43	SIM44	SIM45	SIM46	SIM47	SIM48	SIM49	SIM50
HG00096	2	2	2	1	2	1	2	1	1	2	1	1	2	1	1	2	1	2	1	1	2	1	1	2	2	1	1	1	2	2	2	1	2	2	2	2	2	1	1	2	2	1	2	2	2	1	1	2	1	2
HG00097	1	1	2	1	1	1	2	2	1	2	2	1	2	1	1	2	1	2	2	2	1	2	2	2	1	1	1	2	1	2	2	1	2	1	2	2	1	2	1	2	2	2	2	1	1	2	2	2	1	1
HG00099	1	1	2	2	2	2	1	2	2	1	2	2	2	2	1	1	2	1	1	2	2	2	1	1	2	2	1	1	2	1	1	2	1	2	2	2	2	1	2	2	2	2	1	1	2	1	1	2	2	2
HG00101	2	1	1	2	1	1	2	2	1	2	2	2	2	2	2	1	2	1	2	2	1	2	1	1	2	1	2	1	1	1	1	1	2	1	2	2	2	2	2	2	1	2	1	2	1	2	2	2	2	1
HG00102	1	2	1	2	1	1	1	2	1	2	1	2	1	2	1	2	2	1	2	1	1	2	2	2	1	2	1	1	1	1	2	2	1	2	1	1	1	1	2	2	2	2	1	1	2	1	2	2	2	2
HG00103	2	2	2	2	1	2	2	2	2	1	1	2	1	2	2	2	1	1	2	1	1	2	1	2	2	1	1	2	2	1	1	1	2	2	2	1	2	1	1	2	2	1	1	1	1	2	2	2	2	2
HG00105	1	1	2	2	1	1	2	1	2	2	2	2	1	1	2	1	1	2	1	2	2	1	2	2	2	1	1	2	2	2	1	2	1	2	2	1	1	1	2	1	2	2	1	1	1	2	1	2	1	2
HG00107	2	2	2	1	2	1	1	2	2	2	1	1	2	1	2	2	2	1	2	2	2	1	2	2	2	1	1	1	2	2	1	1	1	2	2	1	2	2	2	2	2	1	1	1	1	1	2	2	2	2
HG00108	2	1	2	2	1	1	1	1	2	2	2	2	2	2	2	2	2	2	1	2	1	1	2	2	1	1	2	2	2	2	1	1	1	1	2	1	2	1	1	2	1	1	2	1	2	2	1	2	1	2
HG00109	1	2	1	1	2	1	1	1	1	1	1	2	1	1	1	2	2	1	2	2	1	2	1	2	2	2	2	2	1	1	2	2	2	1	1	2	2	1	1	2	1	1	2	1	1	1	1	2	2	2
HG00110	1	1	1	1	1	1	2	1	2	1	2	1	1	1	2	1	1	1	1	2	2	2	1	2	1	1	2	1	1	1	2	1	2	1	1	1	2	1	1	1	2	1	2	1	2	1	1	1	2	1
HG00111	1	1	2	1	2	1	2	2	1	2	1	2	2	1	1	2	1	2	1	1	2	2	1	1	2	1	1	1	1	2	1	1	2	2	1	1	1	2	1	1	1	2	1	2	1	1	2	2	2	2
HG00112	2	1	2	2	2	1	1	2	1	1	2	2	1	1	2	2	1	1	1	1	1	1	2	2	1	1	2	1	2	2	1	2	2	2	1	1	1	2	2	2	1	2	1	1	1	2	2	1	2	1
HG00113	2	2	1	1	2	1	1	2	1	1	2	2	1	2	1	1	1	2	2	2	1	1	2	2	2	1	1	2	2	1	1	1	2	2	2	1	1	2	2	2	2	1	1	1	1	1	2	2	2	1
HG00114	1	2	2	2	1	1	1	1	1	2	1	2	1	1	1	2	1	1	2	1	2	1	2	2	1	1	1	1	2	1	2	1	2	2	2	2	2	1	1	1	1	2	1	1	2	1	2	2	2	2
HG00115	2	1	2	1	2	2	1	2	1	1	1	2	1	2	2	1	1	1	1	2	1	1	1	1	1	1	1	2	1	1	2	1	1	2	1	1	1	1	2	2	1	2	2	1	1	2	2	2	2	1
HG00118	2	2	1	1	2	1	2	2	2	2	2	2	2	1	2	2	1	2	2	1	1	1	2	1	1	2	1	1	2	1	2	2	1	1	1	1	1	1	2	2	1	2	2	1	2	2	1	1	2	2
HG00119	1	1	2	2	1	2	1	2	1	2	1	2	1	2	2	2	2	2	1	1	1	1	1	2	1	2	2	2	2	2	2	2	1	1	1	1	1	1	1	1	1	1	1	1	1	1	2	2	1	1
HG00120	1	1	2	1	1	1	2	2	1	1	1	1	1	2	1	2	2	2	1	1	1	2	2	2	2	2	1	1	1	1	1	2	2	1	2	1	2	2	1	2	2	1	1	2	2	2	2	1	2	1
HG00121	2	2	1	1	2	2	1	1	2	2	2	1	1	2	2	1	2	2	1	2	2	1	1	1	1	1	2	2	1	2	2	1	1	2	1	2	1	2	2	1	2	2	2	2	1	1	1	1	1	1
HG00122	1	2	1	2	1	1	1	2	2	1	2	2	1	2	1	1	2	1	1	2	2	1	1	1	2	2	2	2	2	2	1	1	2	1	2	2	1	1	1	2	2	2	1	2	1	1	2	2	2	1
HG00125	1	1	1	2	2	1	2	1	1	1	1	2	1	1	1	1	1	1	1	2	2	1	2	1	1	1	1	1	1	2	2	2	2	2	2	2	2	1	2	2	2	1	2	1	1	2	2	1	2	2
HG00126	2	1	1	1	1	2	1	1	2	2	2	1	1	1	2	1	2	2	1	1	2	1	2	1	2	1	2	1	1	1	1	1	1	2	2	2	1	1	2	2	2	2	1	2	1	2	2	1	1	1
HG00127	1	2	2	2	2	2	2	2	2	1	1	2	1	1	2	1	2	2	1	1	1	1	1	2	2	1	2	2	1	2	2	1	2	2	1	2	2	1	1	2	2	1	2	2	1	1	1	2	2	1
HG00128	1	2	2	2	2	2	1	1	2	2	2	2	1	2	1	1	1	2	1	2	2	2	2	2	1	1	1	1	1	1	2	1	1	1	2	2	1	1	1	1	1	2	2	2	2	2	2	2	1	2
HG00129	1	1	1	1	2	2	1	2	2	2	2	2	1	1	1	2	1	2	2	1	1	2	1	2	1	1	1	1	2	2	1	1	1	1	1	1	1	1	1	2	2	2	1	2	1	2	2	2	1	1
HG00130	1	2	1	1	1	2	1	1	2	1	1	2	1	2	1	2	2	1	1	2	1	1	1	2	1	2	2	2	2	2	1	2	2	2	1	2	1	2	1	1	2	2	2	2	2	2	2	1	1	2
HG00131	1	1	1	1	2	2	2	2	2	1	2	1	2	2	1	1	2	2	1	1	2	2	1	1	2	1	1	2	2	2	2	1	2	2	1	1	2	2	1	2	1	2	2	2	1	2	2	2	1	2
HG00132	1	2	1	2	1	1	2	1	1	2	2	2	2	2	1	2	2	1	1	2	2	2	2	1	1	1	2	2	2	1	1	2	1	1	2	1	2	1	2	1	2	2	2	1	2	1	2	2	1	1
HG00133	2	2	2	1	1	2	1	1	2	2	1	2	2	1	1	2	1	2	2	2	2	1	2	1	2	1	1	1	1	2	1	1	1	1	2	2	2	1	1	1	2	2	2	1	1	1	1	2	1	2
HG00136	2	1	1	2	2	1	2	2	1	1	2	1	1	1	1	2	2	1	2	2	2	2	1	2	2	1	1	1	2	1	2	2	1	2	1	1	1	1	1	1	1	1	2	1	1	1	2	2	2	1
HG00137	2	2	1	2	2	2	2	2	2	2	2	2	2	2	1	1	1	2	1	1	2	1	2	1	1	1	1	2	2	2	2	1	1	2	1	1	1	2	1	2	2	2	1	2	2	2	2	1	1	2
HG00138	2	1	2	2	1	2	2	1	2	1	2	1	1	1	1	1	2	2	2	1	2	2	2	2	2	2	2	2	2	1	2	2	1	2	1	1	2	2	1	1	2	2	1	1	1	1	2	1	2	2
HG00139	1	1	1	1	1	2	2	1	1	1	1	1	2	2	2	2	2	1	1	1	2	1	1	2	1	2	2	2	2	1	1	2	1	2	1	2	1	1	1	1	2	1	2	2	2	2	1	2	1	2
HG00140	2	1	2	1	1	1	1	2	1	2	2	1	2	2	2	2	1	1	2	1	2	1	2	2	1	2	1	2	1	2	1	1	2	1	2	2	1	2	1	1	1	1	2	1	2	2	2	1	1	2
HG00141	1	1	1	2	2	1	1	1	1	2	2	2	1	2	1	1	1	2	2	1	2	2	2	2	1	2	2	2	2	2	1	2	2	1	2	2	1	1	1	2	1	1	2	2	2	2	2	2	2	1
HG00142	2	1	2	1	1	2	1	2	1	1	1	1	1	2	2	1	2	2	1	1	2	1	1	2	1	1	1	1	1	2	2	1	2	2	1	1	1	1	2	2	2	2	2	1	1	2	1	1	1	1
HG00143	2	2	1	2	2	2	1	1	1	1	1	1	1	1	2	2	2	1	2	2	2	1	2	2	2	1	1	2	2	1	1	2	1	2	1	2	2	2	2	1	1	2	2	1	1	2	2	1	2	1
HG00145	2	1	2	1	2	2	1	2	2	1	1	2	2	1	2	1	1	2	1	1	1	1	2	1	2	1	2	2	2	2	1	1	2	1	1	1	1	1	2	1	2	1	2	1	2	2	1	2	1	1
HG00146	2	2	2	2	1	1	1	2	1	1	1	2	1	2	2	1	2	2	1	1	1	1	2	2	2	1	1	1	1	1	1	1	2	1	2	1	2	1	2	2	1	2	1	2	1	1	2	2	2	2
HG00148	2	1	2	2	2	1	2	1	1	2	2	1	1	1	2	2	2	2	2	2	2	2	2	2	1	1	1	2	2	2	2	2	2	1	2	2	1	1	1	2	1	1	2	2	1	1	2	2	1	2
HG00149	1	2	2	1	2	1	2	1	2	1	1	2	2	2	1	1	1	2	2	2	1	2	1	1	1	1	1	1	2	1	1	2	2	1	1	2	1	1	1	1	1	1	1	2	2	1	1	1	1	1
HG00150	1	2	2	2	1	2	2	2	1	1	2	1	1	1	1	2	2	1	2	2	1	2	1	1	2	1	1	2	1	1	2	2	2	2	1	2	1	2	2	2	2	2	2	2	2	1	1	2	1	1
HG00151	2	2	1	1	1	2	1	2	1	2	2	2	2	2	2	1	2	2	2	2	1	2	1	2	1	1	2	2	2	1	1	1	2	1	1	1	2	2	1	2	1	2	2	1	1	2	2	2	2	2
HG00154	2	2	2	1	2	2	2	1	2	2	1	2	2	2	2	2	2	1	2	1	2	2	2	1	2	2	2	2	1	1	2	2	2	2	2	1	2	1	1	2	2	1	2	1	1	2	1	1	1	2
HG00155	1	2	1	2	1	1	1	1	1	1	1	1	1	1	1	2	2	2	2	1	1	1	1	2	1	2	2	1	1	2	1	1	1	2	1	1	1	2	1	1	1	1	1	2	1	2	2	1	2	1
HG00157	2	2	1	2	1	1	2	2	2	2	2	1	1	2	1	2	1	2	2	1	1	2	2	1	2	1	2	1	1	2	2	1	2	2	2	1	2	1	1	2	2	2	1	1	1	2	1	1	1	1
HG00158	1	2	2	2	2	1	2	2	2	1	1	2	2	2	1	1	1	1	2	1	2	2	2	1	2	2	1	1	2	1	1	1	2	2	2	2	2	1	2	1	2	2	1	2	1	1	1	2	1	1
HG00159	2	1	2	2	1	1	2	2	1	1	2	2	1	1	2	1	1	1	2	1	2	2	1	1	2	2	1	2	1	2	1	1	2	2	2	2	1	1	2	1	2	1	2	2	2	1	1	1	2	1
HG00160	2	1	1	2	2	1	1	1	1	1	1	1	2	2	2	1	1	1	2	2	2	2	1	2	2	2	2	1	1	2	2	2	2	1	1	2	2	1	2	2	1	1	2	2	2	1	2	1	1	1
HG00171	1	1	2	1	1	1	1	1	1	1	2	2	1	2	1	1	1	1	1	2	1	1	1	1	2	2	1	2	1	2	2	1	2	1	2	1	2	2	1	1	2	2	2	1	2	1	1	1	1	2
HG00173	2	2	1	1	2	1	1	1	1	1	1	2	1	1	2	1	1	2	1	1	1	2	2	2	2	1	2	2	2	2	1	2	1	2	1	1	2	2	1	2	2	1	1	2	2	2	2	2	1	1
HG00174	2	2	2	1	1	2	1	1	2	1	2	1	2	2	1	1	2	1	1	2	1	2	1	1	2	2	2	2	1	2	1	2	1	2	1	1	2	1	2	1	1	2	2	2	2	2	2	1	1	1
HG00176	1	1	1	1	2	1	1	2	2	2	1	2	2	2	2	1	2	2	1	2	1	1	2	2	1	2	1	2	1	2	1	1	2	1	2	2	1	1	2	1	1	1	1	2	2	2	1	1	2	1
HG00177	1	1	1	1	1	2	2	1	1	2	1	1	2	1	2	1	2	2	2	2	1	1	2	2	1	2	2	2	1	2	2	1	2	1	1	1	2	2	1	2	2	1	1	2	1	1	2	2	1	1
HG00178	1	1	1	1	2	2	2	1	2	2	1	2	1	2	1	1	1	1	2	1	1	1	1	2	2	1	2	1	2	2	2	2	1	2	2	2	1	1	2	1	2	2	2	2	1	2	2	1	2	1
HG00179	1	2	2	2	2	2	1	1	1	1	2	2	1	1	1	2	1	2	2	2	2	2	2	2	2	2	1	1	2	1	1	1	1	2	1	1	1	2	1	2	2	2	2	2	2	1	1	2	1	1
HG00180	1	1	1	1	2	2	1	2	1	2	1	1	1	2	2	2	2	2	1	2	2	2	1	1	1	2	2	1	2	1	1	1	2	1	2	2	2	1	2	2	2	2	1	1	1	1	2	2	2	1
HG00181	2	1	2	2	2	2	2	1	2	2	2	2	2	2	1	1	1	1	2	2	2	1	1	2	1	2	2	2	2	2	1	2	2	1	2	1	1	2	1	2	2	2	1	1	1	1	1	2	2	1
HG00182	1	1	1	1	1	1	2	1	2	2	1	2	2	1	2	2	2	1	1	1	1	2	1	1	2	2	2	2	2	2	1	1	1	2	2	2	2	1	2	1	1	1	1	2	2	1	2	2	1	2
HG00183	2	2	1	1	2	2	2	1	1	1	2	1	2	2	2	2	1	1	1	1	1	1	2	2	1	2	1	2	1	1	1	2	2	1	2	2	2	1	2	1	1	2	1	1	1	1	1	1	2	2
HG00185	1	2	2	1	2	1	2	1	1	1	2	1	2	2	2	1	1	2	1	2	2	1	2	2	2	1	2	2	2	2	1	1	2	2	2	2	2	1	2	1	2	1	1	1	1	1	2	1	1	2
HG00186	1	1	2	1	2	1	1	2	2	2	2	2	1	1	1	1	2	2	2	1	2	2	2	1	1	2	1	2	2	2	2	1	2	2	2	2	2	2	2	1	2	2	2	2	1	1	2	2	2	2
HG00187	1	1	1	1	1	2	1	2	2	1	2	2	1	2	1	2	1	1	1	1	2	1	2	2	1	2	2	2	1	2	1	1	1	2	2	1	2	2	2	1	1	1	2	2	2	2	2	2	1	1
HG00188	2	1	2	1	2	2	2	2	2	1	1	1	1	2	1	2	1	1	2	2	1	2	2	2	2	2	2	1	2	2	2	1	2	2	1	1	1	1	2	1	1	2	2	2	2	1	2	2	2	1
HG00189	1	1	1	1	2	2	2	1	1	2	2	1	1	1	1	2	2	2	1	1	2	2	2	2	2	1	2	1	2	2	2	2	1	2	1	2	1	2	1	2	2	1	2	2	1	2	1	2	2	2
HG00190	1	1	1	2	2	1	2	2	1	1	2	1	2	1	2	1	1	1	1	2	1	2	1	1	1	1	2	2	1	1	2	2	2	1	1	2	1	2	2	1	1	1	1	1	1	2	1	1	1	1
HG00231	1	2	2	2	2	1	2	1	1	2	2	2	2	1	2	2	1	1	2	2	1	1	2	2	1	2	1	1	1	1	2	1	2	2	2	2	2	1	1	1	1	1	1	2	2	1	1	2	2	1
HG00232	2	2	2	2	2	2	1	2	2	2	1	2	2	2	2	2	2	1	2	1	2	2	1	2	2	2	1	1	1	2	2	2	1	2	2	2	1	2	2	1	2	2	2	1	2	1	1	2	2	1
HG00233	2	1	2	2	2	2	1	2	2	1	2	2	2	2	1	1	2	2	2	2	1	1	1	2	2	2	1	1	2	1	1	2	1	1	2	1	2	2	2	1	1	2	2	1	2	1	1	2	1	2
HG00234	1	1	1	2	1	1	1	1	1	2	2	2	2	2	1	1	2	1	2	1	2	2	1	1	1	1	1	1	1	2	1	1	1	2	2	1	2	1	1	2	1	1	1	1	2	2	1	1	1	2
HG00235	2	1	2	2	1	2	1	2	2	2	2	1	1	2	2	1	2	2	1	2	2	2	2	1	1	1	1	2	1	1	1	1	1	2	1	2	2	1	1	2	2	1	2	2	2	2	2	1	1	2
HG00236	1	2	2	2	2	1	1	2	2	2	2	1	2	1	2	1	1	1	1	2	2	1	1	2	1	1	1	2	2	1	2	2	1	1	1	1	1	2	1	1	2	1	1	1	1	2	2	2	2	1
HG00237	1	2	2	1	1	2	2	1	2	1	1	1	1	2	2	2	2	2	2	2	1	1	1	1	1	1	1	1	2	2	2	1	1	1	2	2	1	1	1	2	1	2	1	1	2	1	2	1	2	1
HG00238	2	1	2	2	2	2	1	2	2	1	2	2	1	2	2	1	2	1	2	1	1	1	2	2	1	1	1	2	2	1	1	1	1	2	1	1	2	2	2	1	2	2	2	2	2	2	2	1	1	2
HG00239	1	2	2	2	2	2	2	1	2	2	2	1	2	1	1	2	1	1	1	2	2	2	1	1	1	2	1	1	2	1	2	1	1	1	2	2	1	1	1	2	1	2	2	1	1	1	1	2	1	2
HG00242	2	2	1	2	2	2	1	1	2	2	2	2	2	2	2	2	2	1	1	2	2	1	1	1	2	2	1	2	1	1	1	1	2	1	1	1	2	2	2	1	2	2	2	1	1	2	1	2	2	1
HG00243	2	2	1	1	1	1	2	2	1	2	1	1	2	2	1	2	2	2	1	1	2	1	2	1	1	1	1	1	1	1	1	1	1	2	1	2	2	2	2	2	2	2	1	1	2	1	1	1	2	2
HG00244	1	2	2	1	1	2	2	2	2	1	2	2	1	1	1	2	1	2	1	1	2	2	2	2	2	2	2	2	2	1	2	2	1	1	2	2	1	1	1	1	2	1	1	2	2	2	2	1	2	1
HG00245	2	1	1	1	1	1	1	1	1	2	2	2	1	2	1	1	1	2	2	2	1	2	2	2	2	2	1	2	2	2	1	1	1	1	2	1	1	2	2	2	1	2	2	1	1	2	1	1	1	1
HG00246	1	1	1	2	1	1	1	2	2	1	1	2	1	2	1	1	1	1	2	2	2	1	1	2	2	1	1	1	1	1	2	2	1	2	2	1	2	2	1	1	2	1	2	1	1	2	1	1	1	2
HG00250	2	1	1	2	2	1	1	2	2	1	1	1	1	1	2	2	1	2	2	1	1	2	1	2	2	1	2	2	2	2	1	1	1	1	2	1	2	1	2	2	1	2	2	2	1	2	1	2	1	1
HG00251	2	1	1	2	2	1	2	1	2	2	2	2	1	2	2	2	1	1	1	2	2	1	1	1	2	1	2	2	2	2	1	1	2	2	2	2	1	2	1	1	1	1	1	2	1	1	1	1	1	1
HG00252	1	2	2	1	2	2	1	2	2	1	1	2	1	1	2	1	1	1	1	2	1	1	2	1	1	1	2	2	2	2	1	1	2	2	1	1	2	1	2	2	1	1	2	2	1	1	2	1	2	2
HG00253	2	1	2	1	2	1	1	1	1	1	2	2	1	2	2	2	1	1	1	1	1	2	1	1	1	2	1	2	2	1	1	1	2	2	2	2	2	1	2	1	2	2	2	2	2	1	2	1	1	2
HG00254	2	2	1	1	2	2	2	2	1	2	2	2	1	2	2	2	2	1	2	1	1	2	2	1	1	2	2	1	2	2	2	1	1	1	2	2	2	2	2	2	2	2	1	2	1	2	2	1	1	1
HG00255	1	2	2	2	2	2	1	2	1	2	1	1	2	2	2	2	1	1	1	1	2	1	1	2	2	2	1	2	1	1	1	1	1	1	2	2	1	2	1	1	2	1	1	2	1	1	2	2	1	2
HG00256	1	1	1	1	2	2	2	1	2	2	2	1	1	1	2	2	2	2	2	1	2	1	1	2	1	1	1	2	2	1	1	1	1	1	2	1	2	2	1	2	1	1	1	2	1	1	2	1	1	1
HG00257	1	2	2	1	2	1	2	1	1	2	2	2	1	1	1	1	2	1	1	1	2	2	1	1	2	2	1	2	1	1	2	2	1	1	1	2	2	2	2	2	2	1	2	1	2	1	2	1	1	2
HG00258	1	2	1	2	2	2	2	2	2	1	1	2	1	2	2	2	2	1	2	1	1	1	2	1	2	2	2	2	1	1	2	2	1	2	2	2	1	2	2	2	1	1	1	2	1	1	2	2	2	2
HG00259	2	1	2	1	1	1	2	1	1	1	1	1	2	1	2	1	1	2	1	2	1	1	2	1	2	2	2	1	2	2	1	1	1	1	1	1	2	1	2	1	1	1	2	1	2	1	1	1	1	2
HG00260	1	2	1	1	2	1	2	2	1	2	1	2	1	1	1	2	1	2	2	2	1	2	2	2	2	1	2	1	1	2	1	1	1	1	2	2	2	1	2	2	2	1	1	2	1	1	2	2	2	2
HG00261	2	1	2	2	1	1	1	2	2	1	2	1	1	1	1	2	1	2	2	2	1	1	2	1	1	2	1	2	2	1	2	1	2	1	2	2	1	2	2	2	1	2	1	2	2	1	2	1	1	2
HG00262	2	2	1	1	1	2	2	2	1	1	1	2	1	2	1	1	1	1	2	1	2	1	1	2	2	2	1	1	1	2	2	1	2	2	1	2	2	1	2	2	1	2	1	2	2	2	2	2	1	2
HG00263	1	1	2	2	2	1	2	2	1	1	2	2	1	2	2	2	1	1	2	2	2	1	2	2	2	1	2	1	2	1	2	2	2	1	2	2	2	1	2	2	1	1	2	1	1	2	1	1	2	1
HG00264	2	1	1	1	1	2	1	2	1	1	2	2	1	1	1	2	1	1	1	2	1	2	2	2	1	2	2	2	2	2	1	2	1	2	2	1	1	2	2	2	2	1	1	2	1	1	1	1	2	2
HG00265	2	2	2	1	2	2	1	2	1	2	2	2	1	1	1	2	1	2	1	2	1	2	1	1	2	1	2	1	2	1	2	2	2	1	1	1	1	2	1	2	2	1	1	2	2	2	1	1	1	2
HG00266	2	2	1	1	2	2	2	1	1	2	2	1	1	1	1	1	1	2	2	1	1	2	1	1	1	2	1	2	1	1	1	2	1	1	1	1	1	2	1	1	2	1	1	1	2	2	1	2	2	1
HG00267	2	1	2	1	1	1	1	1	2	1	1	1	2	1	1	2	1	2	2	1	1	2	1	1	2	2	2	1	1	1	2	1	1	1	2	2	2	2	1	1	1	1	2	2	2	1	2	2	1	1
HG00268	2	2	1	1	2	2	1	1	1	1	2	1	2	2	1	1	1	1	1	2	1	2	2	1	1	1	1	1	2	2	2	1	1	2	1	1	1	1	1	1	2	2	1	1	2	1	2	1	2	2
HG00269	1	1	1	1	2	1	1	2	2	1	2	1	2	1	1	1	2	2	2	1	2	1	2	1	1	2	1	1	1	2	2	2	1	2	1	1	2	2	2	1	1	2	1	2	2	2	2	1	2	2
HG00271	2	2	1	1	1	1	2	1	1	1	1	2	2	2	1	1	2	1	1	1	1	1	1	1	1	2	2	2	1	1	1	1	1	1	2	2	2	2	2	1	2	2	1	2	2	2	1	2	1	2
HG00272	1	2	1	2	1	2	1	1	2	1	2	2	2	1	2	2	1	2	2	2	1	2	2	1	2	2	2	1	1	1	2	1	2	1	1	1	1	2	2	2	2	1	2	2	2	1	2	1	2	1
HG00273	1	1	2	2	2	2	2	2	2	2	1	2	1	1	1	2	2	2	2	1	2	2	1	2	1	2	1	2	2	1	1	2	1	1	2	2	1	2	2	1	1	2	2	1	2	2	1	2	2	2
HG00274	2	1	1	2	2	1	1	1	1	1	1	2	2	2	2	2	1	2	2	2	1	1	1	2	2	2	2	2	1	2	2	2	1	1	2	1	1	1	1	2	2	1	1	1	2	1	1	2	2	2
HG00275	1	1	1	1	2	1	2	1	2	1	2	1	1	1	2	2	2	1	2	2	2	2	1	2	2	1	1	1	1	1	1	2	1	1	1	2	2	1	1	2	1	2	1	2	1	2	1	1	2	1
HG00276	2	1	1	2	2	1	2	1	2	1	2	2	1	1	1	1	2	2	1	1	2	1	1	2	2	1	2	1	2	1	2	2	1	2	2	2	1	1	1	1	1	2	2	1	2	1	1	2	1	2
HG00277	1	2	1	2	2	2	1	1	2	2	2	2	1	2	1	1	1	1	1	2	2	1	2	2	2	1	1	2	1	2	1	2	1	1	1	2	2	2	2	1	2	2	1	2	1	1	2	2	2	1
HG00278	1	1	1	2	1	1	1	2	1	1	1	1	2	1	2	2	2	1	1	2	2	1	1	2	2	1	1	2	1	2	2	1	2	2	1	1	2	2	1	2	1	2	1	2	2	1	1	2	2	1
HG00280	2	1	1	1	1	2	1	2	1	2	1	1	2	2	2	1	2	2	1	2	2	1	2	1	2	2	1	1	2	2	2	2	2	1	1	2	1	2	2	2	1	1	1	1	1	1	1	2	1	2
HG00281	1	2	1	2	2	1	1	1	1	2	2	1	1	1	2	1	2	2	2	2	1	1	2	1	1	2	1	2	1	2	2	1	1	2	2	2	1	2	2	2	1	1	1	1	1	2	1	1	1	2
HG00282	2	1	2	2	2	2	1	2	2	2	2	2	1	2	2	1	1	2	1	2	2	1	1	2	2	2	2	1	1	1	1	2	1	1	2	1	2	2	2	1	2	1	2	2	1	2	1	2	1	1
HG00284	1	1	1	1	2	1	2	2	1	2	2	2	1	1	2	2	1	1	2	1	2	1	2	2	1	1	2	2	1	2	1	2	2	1	2	2	2	2	2	1	2	2	1	2	1	2	2	1	2	2
HG00285	2	2	2	1	1	1	2	1	2	1	1	2	1	2	1	1	2	2	2	2	1	1	1	2	1	2	2	2	1	1	1	2	2	1	2	1	1	1	2	1	1	2	1	2	2	2	1	1	2	1
HG00288	2	1	1	1	2	1	1	1	2	1	1	1	2	1	2	1	2	2	2	2	2	2	2	1	2	1	1	1	1	2	1	1	2	1	2	1	1	2	1	1	2	1	2	2	1	1	2	1	1	2
HG00290	2	2	1	1	2	1	2	1	1	2	2	1	1	2	2	1	2	2	2	2	1	1	1	1	2	1	2	2	1	1	2	2	1	2	2	1	2	1	2	1	2	1	2	2	2	1	1	1	2	2
HG00304	2	2	1	2	2	1	1	1	1	1	1	2	2	2	1	2	1	1	1	1	2	1	2	1	2	2	1	2	1	1	1	1	2	2	1	1	1	2	2	1	2	1	1	1	1	1	1	1	2	1
HG00306	1	2	1	1	2	2	2	2	1	1	1	1	1	2	2	1	1	1	2	1	2	2	2	1	2	1	1	2	2	2	2	1	1	2	1	1	2	1	1	1	2	1	2	1	2	2	2	1	1	1
HG00308	2	2	1	1	1	1	1	1	1	1	2	1	1	1	2	2	2	1	1	1	2	1	2	2	1	2	2	1	2	1	2	1	2	1	1	2	1	2	1	1	2	1	2	2	2	2	1	1	2	1
HG00309	1	1	1	1	1	1	2	1	1	2	1	2	2	2	1	1	1	2	1	2	1	1	2	2	1	2	1	2	2	2	2	2	1	1	2	1	1	1	2	1	1	1	1	1	1	2	1	1	1	1
HG00310	1	2	2	1	2	1	2	1	1	2	2	2	2	2	1	1	1	2	2	1	1	1	1	1	2	1	2	2	2	2	1	2	2	1	1	1	2	1	2	2	2	1	2	1	2	2	1	1	2	2
HG00311	1	2	2	1	2	2	1	2	1	2	1	1	2	2	2	1	2	2	1	2	1	2	2	1	2	1	2	1	2	1	1	2	1	2	1	1	2	2	2	1	1	1	1	1	1	2	1	1	2	1
HG00313	2	1	1	1	2	2	1	2	1	1	1	2	1	2	2	1	1	2	2	2	2	1	2	1	1	1	2	1	2	1	2	2	2	2	1	2	1	1	2	1	1	2	1	1	2	2	2	2	1	1
HG00315	1	2	1	1	1	1	2	1	1	1	2	2	1	2	2	1	2	2	2	2	1	1	2	1	1	2	1	1	1	1	1	1	2	1	2	1	2	2	1	1	1	2	1	1	2	1	1	2	1	2
HG00318	2	2	1	1	1	2	2	2	2	1	2	1	2	1	2	2	1	2	1	2	2	2	1	2	2	2	1	1	1	1	2	2	2	2	1	2	2	2	1	1	1	1	1	2	2	2	2	1	2	2
HG00319	1	1	2	1	1	1	2	1	1	1	2	2	1	1	2	1	2	1	1	2	1	2	1	1	2	2	2	2	2	2	1	1	1	2	1	2	1	2	1	2	1	2	2	1	1	2	1	1	2	2
HG00320	1	1	2	1	2	2	2	1	1	1	2	1	2	1	2	2	1	2	1	2	2	1	2	2	2	1	1	1	1	1	2	2	1	1	2	1	2	2	1	1	1	2	1	2	1	1	1	1	2	2
HG00321	2	1	2	2	1	2	2	2	1	1	2	1	2	1	2	2	2	2	1	1	2	2	2	2	2	1	2	1	1	1	1	1	1	2	2	1	1	1	1	1	2	1	1	1	1	2	1	1	2	2
HG00323	1	1	2	1	2	1	1	2	2	1	1	1	1	2	2	2	2	2	1	2	2	2	2	2	1	1	2	1	2	1	2	2	2	2	2	1	2	1	2	2	2	1	1	1	2	2	1	1	2	2
HG00324	2	1	1	1	1	1	1	1	2	1	1	1	2	2	2	2	2	2	1	2	1	2	1	2	2	1	2	2	1	1	2	2	1	2	2	1	2	2	1	2	1	2	1	1	2	2	2	2	2	1
HG00325	1	1	1	1	2	1	1	1	1	2	2	2	2	1	1	1	1	2	2	1	1	2	2	1	1	1	1	1	2	2	2	1	1	2	2	1	1	2	2	1	2	1	2	1	2	2	2	1	2	1
HG00326	2	2	1	1	1	2	1	2	1	2	1	1	2	1	2	1	2	1	2	1	1	1	1	1	2	2	2	2	2	2	2	2	1	1	2	1	2	1	1	1	2	2	1	2	1	2	1	1	1	1
HG00327	1	2	1	1	1	1	2	1	1	1	1	2	1	2	1	2	1	1	1	1	1	1	1	1	2	1	2	2	1	2	2	2	2	1	1	1	2	1	1	2	2	2	1	1	1	1	2	1	2	1
HG00328	2	2	2	1	1	1	2	1	1	1	1	1	1	2	1	2	2	2	2	1	1	2	2	2	1	2	1	2	2	1	2	1	1	1	2	1	2	2	2	1	1	2	1	1	2	1	1	2	2	2
HG00329	1	2	1	1	1	2	2	2	1	2	2	1	2	1	1	1	1	1	1	1	2	1	2	2	2	1	1	2	1	1	2	2	2	1	2	1	2	2	1	2	1	1	1	1	1	1	1	2	2	1
HG00330	2	2	2	1	2	2	2	2	2	1	2	1	2	1	2	1	1	1	2	2	1	1	2	2	2	1	1	1	1	2	1	1	2	1	2	1	2	1	2	2	2	2	1	2	1	1	1	1	2	1
HG00331	2	2	1	2	2	2	2	1	1	2	1	1	2	1	1	1	1	1	1	2	2	1	1	2	1	1	1	1	1	2	2	1	2	1	1	2	1	1	1	1	2	1	1	1	1	2	2	1	1	1
HG00332	1	2	1	1	1	2	2	1	2	1	2	1	2	2	1	2	1	1	2	2	2	2	2	2	1	2	2	2	2	2	1	2	1	1	2	1	2	2	2	1	1	1	1	1	2	1	2	2	1	2
HG00334	1	1	1	2	1	2	1	1	1	2	2	2	1	1	2	2	1	2	1	2	1	1	2	1	1	1	2	2	1	2	2	1	1	1	1	1	2	1	2	1	2	1	2	2	2	1	1	1	1	1
HG00335	1	2	1	2	1	1	2	2	1	2	2	1	1	2	2	1	1	1	1	2	1	1	2	1	1	1	2	2	2	1	1	2	2	2	2	1	1	2	1	1	1	2	1	2	1	2	2	1	1	2
HG00336	2	2	2	2	2	2	2	2	2	1	2	1	1	2	2	1	2	1	2	2	1	2	2	2	2	1	2	2	1	2	2	2	1	2	1	2	2	2	2	1	1	2	1	1	2	1	2	2	1	1
HG00337	1	1	2	1	1	1	2	1	1	1	1	2	1	1	2	2	2	2	2	1	1	1	2	1	2	2	1	2	2	2	1	2	2	2	2	1	2	2	2	2	2	1	2	1	2	1	2	1	1	1
HG00338	1	2	1	2	1	2	1	2	1	1	2	2	2	1	2	1	1	1	2	1	1	1	2	2	2	2	2	1	1	2	1	2	2	1	1	1	2	2	1	1	2	1	2	2	2	1	1	1	1	2
HG00339	1	1	2	1	2	2	1	2	1	1	1	2	2	1	1	1	1	1	2	1	1	2	1	2	2	2	2	2	2	2	1	1	1	2	2	2	2	1	2	2	2	1	2	1	2	1	2	2	2	1
HG00341	1	2	1	2	2	2	1	1	2	2	1	1	2	2	1	1	1	1	1	2	1	2	2	2	1	2	1	1	1	1	1	2	2	1	1	1	1	1	1	1	1	1	1	1	1	2	1	2	2	1
HG00342	2	1	1	2	1	1	2	1	1	1	1	2	1	1	2	1	1	1	1	1	2	1	1	2	2	2	2	2	2	2	1	1	2	2	2	2	1	1	1	2	1	1	1	1	2	1	1	2	1	2
HG00343	1	2	2	1	2	1	1	1	1	1	2	2	1	1	2	2	1	2	1	1	1	1	1	2	2	2	1	1	1	2	2	2	2	2	2	1	1	2	1	2	1	1	2	1	1	2	2	2	2	2
HG00344	2	1	2	1	2	1	2	1	2	2	2	1	2	2	1	1	1	1	2	2	2	2	1	2	2	1	1	2	1	2	1	2	1	2	2	1	1	2	1	2	1	2	2	2	2	1	2	2	2	2
HG00345	1	1	1	2	1	1	2	1	1	1	1	2	1	2	1	2	1	1	1	2	1	2	1	1	1	1	1	1	1	1	1	1	1	1	2	2	2	1	2	2	2	1	2	1	2	2	2	2	2	2
HG00346	2	2	2	1	1	2	1	2	2	2	1	1	1	2	1	2	2	2	2	2	2	1	2	1	2	2	2	2	2	1	1	1	2	1	2	1	2	1	2	2	2	2	1	2	1	1	2	1	2	2
HG00349	1	1	1	2	2	1	1	2	1	1	1	1	2	1	1	1	2	2	1	2	1	2	1	1	1	2	2	1	2	1	1	1	1	1	1	1	2	1	2	2	1	1	1	1	2	2	2	1	1	1
HG00350	1	2	1	2	1	1	1	1	2	1	2	2	2	2	1	2	1	2	1	2	2	1	1	2	1	2	2	1	2	2	1	1	1	1	1	1	2	2	2	1	1	2	2	2	2	1	2	2	1	1
HG00351	2	2	1	1	2	1	1	1	1	2	2	2	2	1	2	1	2	2	2	1	1	1	1	1	1	2	2	1	1	2	1	2	1	1	2	1	2	2	2	1	2	2	2	1	1	2	2	1	2	1
HG00353	2	1	2	1	2	2	2	2	1	1	1	2	1	1	1	1	2	1	1	2	1	1	2	2	2	1	2	1	2	1	1	1	1	1	2	2	1	1	1	2	1	1	2	2	1	1	1	2	2	2
HG00355	2	2	2	1	1	2	2	1	2	1	1	2	1	2	1	2	2	2	1	1	2	2	2	2	2	1	1	1	2	2	2	1	2	1	1	1	2	1	1	1	1	1	1	1	2	2	1	2	1	1
HG00356	1	2	1	1	1	2	2	2	1	1	2	2	1	1	1	1	1	1	1	2	2	1	2	2	2	2	1	2	1	2	2	1	2	1	2	2	2	1	2	2	1	1	2	2	2	1	1	2	1	1
HG00357	1	2	1	1	1	2	1	2	1	2	1	2	1	2	2	2	2	2	1	2	2	2	1	2	1	2	1	2	2	1	2	1	2	2	2	1	2	2	2	2	1	1	1	2	1	1	2	1	2	2
HG00358	1	1	2	1	1	2	2	1	1	1	2	1	1	2	2	1	2	2	2	2	1	2	2	1	1	1	2	1	1	2	2	2	2	1	2	2	2	1	2	2	1	2	1	2	2	2	1	2	2	1
HG00360	1	2	1	1	2	1	1	2	1	1	1	1	2	1	1	1	2	2	2	1	2	2	1	2	2	1	2	2	2	2	2	1	2	1	2	1	1	1	2	1	2	2	2	2	2	2	2	1	1	2
HG00361	1	2	2	2	1	2	1	1	1	2	1	2	1	1	2	1	1	2	1	2	1	2	1	2	1	1	1	1	1	2	2	2	2	2	2	2	1	1	2	2	1	1	1	1	2	2	2	2	1	1
HG00362	2	2	1	2	1	2	1	1	2	2	2	1	2	2	2	2	1	1	2	2	2	2	2	2	2	1	1	2	2	2	1	1	1	1	1	1	1	2	2	2	1	1	2	2	2	2	1	2	2	1
HG00364	2	2	1	2	1	2	1	1	1	2	1	2	1	1	1	1	1	2	2	2	2	1	2	2	2	2	1	1	1	2	1	1	1	1	2	2	1	1	1	2	1	1	2	2	1	2	2	1	1	2
HG00365	2	2	2	1	2	2	1	1	2	1	1	2	1	2	1	1	2	1	1	2	2	2	1	1	1	2	1	1	1	1	1	1	1	1	1	1	2	1	2	1	2	2	1	1	1	2	2	2	2	2
HG00366	1	2	2	1	1	1	1	1	2	2	1	2	1	1	2	1	1	2	1	2	2	2	2	1	1	2	1	1	2	1	2	2	2	1	1	1	1	1	1	2	2	1	1	1	2	2	1	1	2	1
HG00367	1	2	1	1	1	1	1	1	1	1	1	2	2	2	1	2	1	1	1	1	1	2	1	1	1	2	2	2	1	2	1	1	2	2	2	2	2	2	2	1	2	1	2	2	1	1	1	1	1	1
HG00368	1	2	2	1	2	2	2	1	1	1	2	1	1	2	1	1	1	2	1	1	1	1	1	1	1	2	1	2	1	2	1	1	2	1	2	1	2	1	1	1	1	2	1	2	1	2	2	1	2	2
HG00369	2	1	1	2	1	2	2	1	2	2	1	1	2	2	2	1	1	1	2	2	1	2	2	1	1	1	1	2	2	2	1	1	2	1	2	1	1	2	1	2	1	1	2	1	2	2	2	1	2	1
HG00371	2	2	1	1	1	1	2	1	1	1	1	1	2	2	1	1	2	2	1	2	1	1	1	2	2	2	1	1	2	1	1	2	1	2	1	2	2	2	2	1	2	1	1	1	1	1	2	1	2	2
HG00372	2	1	2	1	1	1	1	2	1	2	1	1	2	1	2	2	1	2	2	2	2	2	2	1	1	1	2	2	2	2	2	2	1	1	2	1	1	2	2	1	2	2	2	1	1	1	2	1	1	1
HG00373	1	2	2	1	1	1	1	2	1	1	1	2	1	2	1	1	2	2	1	2	1	2	1	2	1	2	2	1	2	1	1	2	2	2	1	1	1	2	1	2	2	2	1	2	1	1	2	2	1	2
HG00375	1	1	2	1	2	1	1	2	2	1	1	2	1	1	2	1	1	2	1	2	2	1	2	2	1	2	2	1	1	1	2	2	1	1	2	2	2	2	2	1	1	1	2	1	2	2	2	2	2	1
HG00376	1	2	1	2	1	2	1	2	1	2	1	1	1	2	1	1	1	1	1	2	2	2	2	1	1	1	1	1	1	1	1	1	1	1	2	1	1	1	1	2	1	2	2	1	2	1	2	2	2	2
HG00378	2	1	2	1	2	1	1	1	2	2	1	1	1	1	2	1	2	1	2	1	2	2	1	2	1	1	1	1	2	2	1	2	2	2	1	2	2	1	1	2	2	1	1	2	2	2	1	2	2	2
HG00379	2	2	2	2	1	2	2	2	2	2	2	1	2	1	2	2	1	2	2	2	2	2	2	2	1	1	1	1	2	1	1	2	2	1	1	1	1	1	1	2	1	2	1	2	1	1	1	2	2	1
HG00380	1	2	2	2	2	2	2	1	2	1	1	2	1	2	1	2	2	2	2	2	2	2	1	1	1	1	1	2	1	1	1	1	1	2	2	2	2	2	1	1	2	1	1	2	2	1	1	2	2	2
HG00381	2	1	2	1	1	2	2	2	2	1	1	1	1	1	1	1	1	1	1	1	2	1	1	1	1	2	1	1	2	2	1	2	2	2	1	1	2	2	2	1	1	1	2	2	2	1	2	1	2	2
HG00382	2	2	1	2	1	2	1	1	1	2	2	2	2	2	1	1	2	1	1	1	2	1	1	1	1	1	2	2	2	1	2	2	1	1	1	1	1	1	1	2	1	1	1	2	2	2	1	1	1	2
HG00383	2	1	1	1	1	1	1	1	1	1	2	1	2	1	1	2	2	1	1	1	1	2	2	2	1	1	1	1	2	2	1	2	2	1	1	1	1	1	1	2	1	1	1	1	2	2	2	2	1	1
HG00384	1	2	1	1	1	2	2	1	1	1	1	1	1	2	1	1	1	2	1	1	2	1	1	1	1	2	1	2	2	1	2	2	1	2	2	1	2	2	1	1	1	2	2	2	1	1	1	1	2	2
HG01334	2	1	2	2	2	2	1	2	1	1	1	2	2	2	2	1	2	1	1	1	2	2	2	2	2	1	1	2	2	2	1	1	1	1	2	2	2	2	1	2	2	1	2	2	2	2	2	1	2	2
HG01500	1	2	1	1	1	2	2	1	2	2	2	2	1	1	1	1	2	2	2	1	2	1	2	1	2	2	2	1	2	1	2	1	1	1	1	2	1	1	2	2	1	2	1	2	1	2	2	1	1	1
HG01501	2	1	1	2	1	1	1	2	1	1	2	1	2	1	1	2	1	1	2	2	1	2	1	1	1	2	2	2	1	2	2	2	1	1	2	2	2	2	1	1	1	2	2	2	1	1	1	2	1	2
HG01503	2	2	2	2	1	1	2	2	1	2	2	1	2	2	1	2	2	1	2	2	1	2	2	1	2	1	1	1	2	2	2	1	1	1	1	1	2	1	1	1	2	2	1	1	1	2	2	2	2	1
HG01504	1	1	1	1	2	1	1	2	2	1	1	1	1	1	1	1	2	1	1	1	1	2	2	1	2	2	1	2	1	1	1	2	2	2	1	1	1	2	2	1	1	2	2	2	1	2	2	2	2	2
HG01506	2	2	1	1	1	1	2	2	2	2	1	2	1	1	1	1	2	1	1	1	2	1	1	2	2	2	2	2	2	2	1	2	1	2	2	1	1	1	2	1	2	1	2	1	1	2	1	2	1	2
HG01507	2	1	2	2	1	2	1	1	1	1	2	1	1	1	2	1	1	1	2	2	2	2	1	2	2	1	1	2	1	1	1	2	2	1	1	2	1	1	1	2	1	1	2	1	2	1	1	2	1	2
HG01509	1	1	1	2	1	2	2	2	1	2	2	1	1	1	2	2	2	1	1	2	1	2	1	1	1	1	1	2	2	2	2	1	1	2	1	1	1	2	1	2	2	2	1	2	2	2	1	2	2	1
HG01510	2	1	2	1	2	2	1	1	1	2	1	1	2	1	1	1	1	2	1	2	2	1	1	1	1	1	2	2	1	2	1	2	2	2	2	1	2	1	2	1	1	2	1	1	1	2	2	1	1	2
HG01512	1	2	2	2	2	2	2	2	1	2	1	1	2	1	2	2	1	2	2	1	2	2	2	1	1	2	2	1	1	1	1	2	2	1	2	2	2	1	1	1	2	2	2	2	1	2	1	1	1	1
HG01513	1	2	2	2	2	1	2	2	2	2	2	1	1	1	1	2	2	2	2	1	2	2	1	2	2	2	1	2	2	1	1	2	2	2	2	1	1	2	2	2	2	1	1	2	2	2	1	2	2	1
HG01515	2	1	2	1	2	1	2	1	2	1	2	2	2	1	2	2	2	2	1	1	2	2	1	2	1	1	2	2	1	1	1	1	2	1	1	2	1	1	1	2	1	2	1	1	1	1	2	1	2	2
HG01516	2	2	2	1	1	2	2	1	1	1	2	2	2	1	2	1	2	1	2	1	2	2	2	2	2	2	2	1	1	2	1	1	1	2	1	2	2	2	1	1	1	2	1	1	1	2	1	2	2	1
HG01518	2	2	1	2	1	2	1	2	2	1	1	2	2	2	2	1	1	1	1	1	2	2	1	2	2	1	1	2	2	2	1	2	1	2	1	1	1	1	2	1	2	2	1	2	1	2	2	1	2	2
HG01519	1	1	1	2	1	1	2	2	2	1	2	1	1	1	2	2	1	1	2	1	1	2	2	2	2	1	1	1	2	2	2	2	2	2	2	1	2	2	1	1	2	1	2	2	2	2	1	1	2	1
HG01521	2	1	1	2	2	1	1	2	1	2	1	2	1	1	1	1	1	1	1	2	1	2	2	2	1	1	1	2	2	2	1	2	2	1	2	1	1	2	1	1	1	1	1	2	2	2	2	2	1	2
HG01522	1	1	2	2	2	1	2	1	1	2	2	2	2	1	2	1	2	2	2	2	2	1	2	2	2	2	2	1	2	1	1	1	1	2	1	2	1	1	1	2	2	2	2	2	2	2	1	1	1	1
HG01524	2	1	1	2	2	1	1	1	2	1	1	1	2	2	1	1	1	1	2	2	1	2	2	2	2	2	1	2	2	1	1	2	1	2	1	2	2	2	2	1	2	1	2	1	2	2	2	1	1	1
HG01525	2	1	2	2	1	2	1	1	2	1	2	1	1	2	2	1	2	1	2	1	1	2	1	1	2	2	2	2	1	1	2	1	1	2	1	1	2	2	1	1	2	1	1	2	2	1	2	1	1	2
HG01527	1	2	1	2	1	2	1	2	2	2	2	1	1	2	2	1	1	1	1	2	1	1	2	2	2	2	1	1	2	1	1	2	2	1	2	1	2	1	2	1	1	1	1	2	1	2	1	2	2	2
HG01528	2	1	1	1	1	2	1	1	1	1	1	2	1	2	2	1	2	1	2	2	1	2	1	1	1	2	2	2	1	2	2	2	2	2	1	1	2	2	2	1	2	1	2	1	1	2	2	1	1	2
HG01530	1	2	2	1	2	2	2	2	2	1	1	2	2	1	1	2	2	1	2	1	2	2	2	1	1	1	1	2	2	1	2	1	1	1	1	2	2	1	2	2	1	2	1	2	2	2	2	1	1	1
HG01531	1	2	1	2	2	2	2	2	2	1	1	1	2	1	2	2	1	2	2	1	1	2	1	2	1	1	1	1	1	1	1	1	1	1	2	1	1	2	2	1	2	2	1	2	1	2	1	1	2	1
HG01536	1	2	1	2	2	1	2	2	1	2	2	2	2	2	2	1	1	2	1	1	2	2	1	1	1	1	2	2	2	1	2	2	2	1	2	2	1	2	2	2	2	2	2	2	1	2	1	2	1	1
HG01537	2	2	2	1	1	1	1	2	2	2	2	2	2	2	2	2	1	2	1	1	1	1	1	1	1	1	1	2	1	1	2	2	2	1	1	2	2	1	1	1	2	1	1	2	1	2	2	2	1	2
HG01602	2	2	2	2	1	1	1	1	2	2	1	1	1	1	2	2	2	2	2	2	1	2	1	1	2	1	1	2	1	1	2	1	2	2	1	2	2	2	2	2	1	2	1	2	2	2	1	1	1	2
HG01603	2	1	2	1	1	1	1	1	2	2	1	1	1	1	1	2	2	2	2	2	2	1	2	1	2	2	2	1	1	2	1	1	1	2	1	2	2	1	1	2	2	1	2	2	1	1	1	1	2	1
HG01605	2	1	1	1	2	1	2	1	2	1	1	1	1	2	1	2	2	2	2	2	1	1	1	1	1	1	1	1	2	1	2	2	1	1	1	2	2	2	1	1	1	2	2	2	2	2	1	1	2	1
HG01606	1	2	2	1	2	1	1	2	1	1	2	2	2	1	2	2	2	2	2	1	2	2	1	1	1	2	1	1	2	2	2	2	1	2	2	2	2	2	1	2	1	1	2	2	2	1	2	2	1	1
HG01607	2	2	1	2	2	2	2	2	2	2	1	2	1	1	1	2	2	2	1	1	1	2	1	2	1	1	1	2	2	2	2	1	1	1	2	2	2	2	1	2	2	1	2	1	1	2	1	2	2	2
HG01608	1	1	1	1	1	1	2	1	2	2	1	2	2	2	1	2	1	2	1	2	2	1	2	2	2	1	1	1	1	2	2	2	1	1	2	2	1	2	2	1	1	1	2	2	1	2	1	1	2	1
HG01610	2	2	2	1	2	1	2	2	1	2	2	1	2	1	2	1	2	2	1	2	2	1	1	1	2	1	2	2	1	1	1	2	2	2	2	2	2	1	2	1	2	1	2	2	1	2	1	1	1	1
HG01612	2	1	1	2	2	2	1	1	2	1	2	1	2	2	2	2	1	1	1	1	1	2	2	2	1	2	2	2	1	2	1	1	2	2	1	2	1	2	1	2	2	2	2	1	2	1	1	2	1	2
HG01613	1	2	2	2	1	2	1	1	1	2	2	1	1	2	2	2	1	1	2	2	1	1	2	2	2	1	2	1	2	1	1	2	1	1	1	2	2	2	2	2	2	1	1	1	1	2	1	2	1	2
HG01615	1	1	2	2	2	2	2	2	2	2	2	2	2	1	1	2	2	2	2	1	2	1	2	2	2	1	2	1	1	2	1	2	2	2	2	2	2	1	2	2	1	2	2	1	2	1	1	1	1	2
HG01617	1	1	2	2	1	2	1	2	1	2	1	1	2	2	1	1	1	1	2	2	1	1	1	2	2	2	2	2	2	2	2	2	1	2	2	2	2	1	1	2	1	2	1	2	2	2	1	1	1	2
HG01618	1	1	2	1	2	1	1	2	1	1	1	2	1	1	1	1	2	1	1	2	1	1	2	2	2	1	1	1	1	2	2	2	2	2	1	2	1	1	2	1	2	1	2	1	2	1	2	2	2	1
HG01619	1	2	1	2	2	1	1	1	2	1	2	1	2	2	1	2	1	2	1	1	2	2	1	1	1	2	2	1	1	2	2	1	1	2	2	1	2	1	2	2	2	2	1	1	1	2	1	2	1	2
HG01620	1	1	2	2	1	2	1	1	1	1	1	1	1	1	2	1	2	1	1	1	1	1	1	1	1	1	1	1	1	2	1	1	2	2	1	2	1	1	1	2	2	1	1	2	1	1	2	1	2	2
HG01623	1	2	1	2	1	1	1	2	2	1	1	2	1	1	2	1	1	2	1	1	2	2	1	2	1	2	1	1	1	1	1	2	1	2	2	2	2	1	2	1	1	1	1	2	2	2	2	1	1	1
HG01624	1	2	1	1	2	2	1	1	2	2	2	2	1	2	1	2	1	2	1	2	2	1	1	1	1	1	2	2	1	2	1	2	2	1	2	1	1	2	1	1	2	2	2	2	1	2	2	1	2	1
HG01625	2	1	2	1	2	1	1	2	2	1	2	2	1	1	2	1	2	2	2	1	2	2	1	1	1	1	1	2	2	1	2	2	1	2	1	1	2	2	2	1	1	2	2	2	2	1	1	2	1	1
HG01626	1	1	1	2	1	2	1	1	2	2	1	2	1	1	1	2	1	2	1	2	2	1	1	1	2	2	2	1	2	1	2	2	2	2	2	2	1	1	2	2	2	2	2	2	1	1	2	2	2	1
HG01628	1	1	1	1	1	2	2	1	1	1	1	1	1	2	1	1	1	1	2	1	1	2	2	1	1	2	1	2	1	2	2	1	2	2	1	1	2	1	1	2	2	1	1	1	1	1	2	2	1	1
HG01630	1	1	1	2	1	2	1	1	1	1	1	1	2	1	2	2	2	2	2	1	1	1	2	1	1	1	1	2	2	2	1	2	2	1	2	2	1	1	1	1	1	2	2	1	1	1	2	1	1	1
HG01631	1	2	2	2	1	1	2	2	1	1	2	1	2	1	2	2	1	2	2	2	1	1	1	1	1	2	2	1	2	1	2	2	2	1	2	1	1	1	1	2	2	2	1	1	2	2	1	2	2	2
HG01632	1	1	2	1	1	1	1	2	1	1	2	1	2	2	2	2	2	1	2	1	1	1	1	2	2	2	1	2	2	1	2	2	1	2	2	1	2	1	2	2	1	1	1	1	2	2	2	1	2	1
HG01668	2	2	2	1	1	2	2	2	1	1	1	1	2	1	2	2	1	1	2	1	1	2	2	2	2	1	2	2	2	1	2	1	2	1	2	1	1	1	1	2	1	2	1	1	1	1	1	1	2	1
HG01669	1	1	2	2	2	1	2	2	2	1	1	2	1	1	2	1	2	1	2	1	1	1	1	1	1	1	2	1	1	1	1	1	2	2	1	1	2	2	2	1	1	2	1	2	1	1	1	2	2	2
HG01670	1	1	1	2	2	1	2	1	1	2	2	1	1	2	1	2	1	2	1	1	1	1	1	2	1	1	1	1	2	1	1	1	1	2	1	2	1	1	2	1	1	2	1	2	1	1	2	1	2	2
HG01672	2	1	2	1	2	2	1	2	2	1	1	1	2	1	2	1	2	1	1	2	2	1	2	2	2	1	2	1	2	2	1	1	2	1	2	2	1	1	1	2	2	2	2	2	1	2	2	2	1	1
HG01673	1	1	1	1	1	1	2	2	1	1	1	2	1	2	2	2	2	1	2	2	2	1	1	2	2	2	1	2	2	2	1	1	2	1	1	2	1	2	1	1	2	1	2	2	2	1	1	1	1	2
HG01675	2	2	1	1	2	2	2	2	1	1	2	2	1	2	2	1	2	2	1	1	1	1	1	2	2	1	2	1	2	1	1	2	1	1	2	1	2	2	1	2	2	2	2	1	2	2	1	2	2	1
HG01676	2	1	2	2	2	1	2	1	1	2	1	2	2	1	2	1	1	2	1	2	1	2	1	1	2	1	2	1	2	2	2	1	1	2	1	2	2	1	1	1	2	2	1	2	1	1	2	1	1	2
HG01678	1	1	2	2	2	2	2	2	1	2	1	1	2	1	2	1	1	2	1	1	2	1	2	2	1	2	1	2	2	1	2	2	1	1	2	1	1	1	1	1	1	1	2	2	1	1	1	2	2	2
HG01679	2	1	1	1	1	1	2	2	1	1	1	2	2	1	2	2	1	1	1	2	1	1	1	1	2	2	2	1	1	1	2	2	1	2	1	2	1	2	2	2	2	2	2	1	1	2	2	2	2	1
HG01680	1	1	1	1	1	1	1	2	2	1	1	2	2	1	1	1	2	2	1	1	1	1	2	2	1	2	1	2	2	2	2	2	2	1	2	2	1	2	1	1	2	1	1	2	1	1	1	2	1	1
HG01682	2	1	2	2	2	1	2	2	1	1	2	1	2	2	2	2	1	1	1	1	2	2	2	2	1	2	2	2	1	2	1	2	2	1	1	2	1	1	2	1	2	2	1	1	2	2	2	1	1	2
HG01684	1	2	2	1	2	2	1	2	1	1	2	1	1	2	2	2	1	1	1	2	1	1	2	1	1	1	1	1	2	2	2	1	2	2	2	1	2	1	2	1	2	2	1	1	1	1	1	2	1	2
HG01685	1	1	2	2	1	2	1	2	1	2	2	1	1	2	2	2	2	2	2	2	2	2	2	2	2	1	2	1	1	2	2	1	2	2	2	2	2	2	2	1	1	2	1	1	2	2	2	2	2	1
HG01686	1	1	1	2	2	2	1	2	2	2	2	1	2	1	2	1	2	2	2	2	1	1	1	1	2	1	2	2	1	1	1	1	1	1	1	1	2	2	1	1	2	2	1	2	2	1	1	1	1	1
HG01694	1	1	2	1	2	2	1	2	1	2	2	1	1	2	2	1	2	2	2	2	1	2	1	2	2	1	2	1	1	2	1	2	1	1	2	2	1	1	1	2	1	1	2	2	2	1	2	1	1	1
HG01695	2	1	1	1	1	2	1	2	2	1	2	1	1	1	2	2	2	2	1	1	2	2	1	2	2	1	1	1	2	2	1	2	2	2	2	1	1	2	1	1	2	2	2	2	2	1	2	2	1	1
HG01697	1	1	1	2	2	2	1	2	1	1	1	1	1	2	1	1	1	1	1	1	2	2	1	1	2	2	2	1	2	1	1	1	2	2	1	2	2	2	2	1	1	1	2	1	2	2	2	2	2	1
HG01699	2	2	2	1	1	2	2	2	2	2	2	1	2	1	1	2	2	2	1	1	2	2	2	1	2	1	2	2	2	1	2	2	1	1	1	1	2	2	2	2	2	1	2	1	2	1	2	1	2	2
HG01700	2	1	2	1	2	2	2	1	2	1	1	2	2	2	2	1	1	1	2	2	1	2	2	1	1	1	1	1	1	1	1	2	2	1	2	2	1	2	2	1	2	2	1	1	2	2	1	1	1	1
HG01702	2	2	1	2	2	2	2	2	1	2	1	2	2	1	2	1	2	1	2	2	2	2	2	1	1	1	1	2	1	2	2	2	2	2	2	2	1	2	1	2	2	2	1	1	2	1	2	2	1	1
HG01704	2	2	1	2	1	1	2	1	2	2	1	1	2	2	2	2	1	1	2	1	1	1	1	2	1	1	2	1	2	1	2	2	1	1	1	2	2	2	2	2	1	2	2	1	2	1	2	1	2	1
HG01705	1	1	1	2	1	2	2	1	1	2	1	1	2	1	1	2	2	2	2	1	1	1	1	2	2	1	1	2	1	1	1	1	1	1	2	1	1	2	1	2	2	1	1	1	2	1	1	2	2	2
HG01707	2	1	1	1	1	1	1	1	2	1	2	1	1	1	1	1	2	1	1	1	2	2	2	1	1	1	2	1	1	1	1	1	2	1	2	1	1	1	2	2	1	1	2	2	2	2	1	1	2	2
HG01708	1	2	2	1	1	1	1	2	2	1	2	2	2	2	1	1	1	2	1	1	1	1	2	1	2	1	2	1	2	1	1	2	1	2	1	1	1	1	2	1	1	1	1	2	1	1	1	2	1	1
HG01709	2	2	1	1	1	1	1	1	2	2	2	1	2	2	1	2	1	1	2	1	1	1	2	1	1	2	1	1	2	2	2	1	1	2	1	2	1	1	1	1	1	2	2	2	2	1	1	2	2	2
HG01710	2	2	2	1	2	2	1	1	2	2	2	1	2	2	2	2	2	1	2	1	2	2	2	2	2	2	1	2	2	1	2	1	1	1	1	1	1	1	1	1	1	1	1	2	1	2	1	1	1	1
HG01746	1	2	2	2	2	2	2	2	1	1	1	1	2	2	1	1	1	1	2	1	2	1	1	1	2	2	2	1	1	1	1	1	1	2	2	2	1	1	2	2	2	1	2	1	1	1	1	1	1	1
HG01747	2	1	1	2	1	1	1	1	2	2	2	1	2	1	1	2	2	1	1	1	1	1	2	2	1	2	2	1	2	1	2	2	2	2	1	2	1	1	1	2	2	2	2	1	2	1	2	1	1	1
HG01756	1	2	2	1	1	2	2	1	2	1	2	2	2	1	2	2	1	2	2	2	2	2	1	2	1	1	2	1	2	1	1	2	1	2	2	2	2	1	2	1	1	1	1	1	2	2	2	2	2	1
HG01757	2	1	2	2	1	1	2	1	2	1	2	1	2	2	2	2	2	2	1	1	2	2	2	1	2	1	2	1	2	1	2	2	2	2	2	1	2	1	1	2	2	2	2	1	2	2	1	2	1	2
HG01761	2	1	2	1	2	2	2	1	2	2	2	1	1	1	2	1	1	2	1	2	2	2	1	1	1	1	2	1	2	2	1	1	1	1	2	1	1	2	1	1	1	2	1	1	1	2	1	1	2	2
HG01762	2	1	1	2	1	2	1	2	2	2	2	1	1	1	1	2	1	1	1	1	2	1	1	1	2	1	1	1	2	2	1	1	2	2	1	2	1	2	2	1	2	1	2	1	2	2	2	2	1	2
HG01765	2	2	1	2	1	1	2	2	1	1	2	1	2	2	1	1	2	1	2	1	2	2	2	2	2	1	1	2	1	1	2	1	1	1	2	2	1	2	2	2	2	2	2	2	2	1	2	1	2	1
HG01766	2	1	1	1	2	2	2	2	1	2	2	2	1	1	2	1	2	2	2	2	2	1	2	2	2	2	1	1	2	2	2	2	1	1	2	1	1	2	2	1	1	2	2	2	2	2	2	2	2	1
HG01767	2	1	2	2	2	1	2	2	2	2	2	2	1	2	1	1	2	2	2	1	1	2	2	1	2	2	1	1	2	1	2	2	2	2	1	1	1	2	1	1	1	2	1	1	1	2	2	1	2	2
HG01768	1	1	1	1	2	2	2	1	2	2	2	1	1	2	2	2	2	2	1	2	1	2	2	2	1	1	1	1	1	2	1	2	2	1	1	2	1	1	2	2	1	1	1	1	2	2	2	1	2	2
HG01770	2	2	1	1	1	2	2	1	1	2	1	1	2	2	2	1	1	2	2	1	2	1	1	2	2	1	1	1	2	2	2	2	1	1	1	1	1	2	2	1	1	2	1	2	2	1	2	2	1	2
HG01771	2	1	1	2	1	2	1	2	2	1	1	2	2	1	2	1	2	1	1	2	1	2	1	2	2	1	1	2	2	1	1	1	2	2	2	2	1	1	1	1	2	1	2	2	1	2	2	2	2	1
HG01773	1	2	2	1	1	2	1	1	2	2	2	2	2	1	1	1	1	1	2	2	1	2	2	2	2	2	2	1	2	1	1	1	2	2	2	1	1	1	1	2	2	1	2	2	2	2	2	2	1	1
HG01775	1	2	1	2	2	2	2	1	1	2	1	1	2	1	1	1	2	1	1	2	1	1	2	2	2	2	1	2	2	1	2	2	1	1	1	2	1	1	1	1	1	1	1	2	2	2	2	1	1	1
HG01776	1	1	2	2	1	1	1	2	1	2	1	1	1	1	1	2	2	1	2	2	1	2	1	2	1	2	1	1	1	2	1	2	1	2	1	2	1	1	2	1	2	2	2	1	2	2	1	1	1	2
HG01777	1	2	1	1	1	1	1	1	1	1	1	1	2	1	1	1	1	2	1	1	1	1	2	2	2	2	1	1	2	2	1	1	1	1	2	2	1	2	1	1	2	2	2	2	2	2	1	1	2	1
HG01779	1	1	1	1	1	1	2	1	1	2	2	1	1	1	1	1	2	1	1	1	1	2	1	2	2	2	1	2	1	1	1	1	1	1	2	1	2	1	2	2	1	2	1	1	1	2	2	1	1	2
HG01781	1	2	2	2	2	1	2	2	2	2	1	1	2	2	1	1	2	2	1	2	1	1	1	1	1	1	2	1	2	2	1	2	2	2	1	2	1	2	1	1	2	2	2	2	2	1	1	2	1	1
HG01783	1	1	2	1	2	2	2	2	1	2	1	1	1	2	2	1	1	1	2	2	1	1	2	1	1	1	1	1	2	1	2	1	2	1	1	2	2	2	2	1	1	2	1	1	1	1	1	2	1	1
HG01784	2	1	2	1	1	2	2	1	2	2	2	1	1	1	1	1	2	2	2	1	1	1	1	2	1	1	2	2	1	1	1	1	2	1	1	2	2	1	1	2	2	2	1	2	1	2	2	2	1	2
HG01785	1	1	1	2	1	1	1	1	1	1	1	1	2	2	1	1	2	2	2	2	1	1	1	2	2	1	2	2	1	2	1	1	2	2	2	2	2	2	2	1	1	2	1	1	1	1	1	1	2	1
HG01786	2	1	2	2	2	1	1	2	1	2	1	1	1	1	2	2	2	2	2	1	2	2	1	1	2	2	1	2	1	2	2	1	2	1	2	1	2	2	1	2	2	2	2	1	1	2	1	2	1	2
HG01789	1	2	2	1	2	1	1	2	2	1	1	2	2	2	1	2	2	1	1	2	1	1	2	1	1	2	1	2	1	2	2	2	1	2	2	1	1	1	2	1	1	2	2	2	2	2	1	1	1	1
HG01790	2	1	2	1	2	1	1	1	1	2	1	1	2	2	2	2	2	2	1	1	2	2	1	1	2	1	2	2	2	1	2	1	1	1	1	2	1	1	1	1	2	2	1	1	2	2	2	1	1	1
HG01791	2	2	1	2	1	1	2	1	2	2	2	1	2	2	2	1	1	2	2	2	2	2	2	2	2	1	2	2	1	2	2	2	2	1	2	1	2	1	1	2	1	2	1	1	1	1	2	2	1	1
HG02215	2	2	1	1	2	1	2	1	2	1	2	2	2	1	2	2	1	2	2	1	2	1	2	1	2	2	1	2	2	1	2	1	2	2	2	2	1	2	1	2	2	2	1	2	2	1	2	2	2	1
HG02219	2	1	1	1	1	2	1	1	1	1	1	2	2	1	1	2	2	1	2	1	2	1	2	2	2	2	1	2	2	1	2	1	2	1	1	1	1	1	1	1	2	1	1	1	2	2	2	2	2	2
HG02220	2	1	2	1	2	2	2	1	2	2	2	1	1	1	2	1	1	1	2	2	2	2	1	1	2	2	2	1	2	2	1	2	2	2	2	1	1	1	1	2	1	1	2	1	1	2	1	1	2	2
HG02221	2	2	1	2	1	2	1	1	1	2	2	1	2	2	2	2	1	1	2	2	1	1	2	2	2	2	2	1	1	2	1	1	2	2	2	1	1	2	1	1	2	1	2	2	2	2	2	2	1	2
HG02223	2	2	1	1	2	2	1	2	2	2	1	2	2	2	2	2	1	2	2	1	1	1	2	1	2	2	2	1	2	2	2	2	2	1	2	1	2	1	1	1	1	2	1	2	2	1	1	2	2	2
HG02224	2	2	2	1	1	1	2	2	1	2	1	2	2	2	1	2	2	2	2	2	2	1	2	1	1	1	2	2	2	1	2	2	2	1	2	2	2	2	1	2	1	2	1	2	2	1	1	2	2	2
HG02230	2	2	2	1	2	1	2	1	2	1	1	2	1	1	1	2	1	2	1	1	2	1	1	1	1	2	1	1	1	1	1	2	2	2	1	1	2	1	2	2	2	1	2	1	1	1	2	1	1	2
HG02231	2	1	2	1	1	1	1	1	2	1	2	1	2	1	1	2	2	1	1	2	2	2	1	2	2	2	1	1	2	2	2	1	2	2	1	2	1	2	1	1	1	1	2	2	1	1	2	1	2	1
HG02232	1	2	2	1	1	1	1	1	2	2	2	2	1	2	1	2	2	1	1	2	1	2	1	2	2	2	2	2	1	1	1	1	2	1	1	2	2	1	2	1	2	2	1	1	1	2	2	2	2	1
HG02233	2	1	1	1	1	2	2	1	2	2	2	1	1	1	1	2	1	1	2	1	1	1	2	1	2	1	2	1	2	2	2	1	2	1	1	1	2	2	1	1	1	1	1	2	1	1	1	1	1	1
HG02235	2	2	2	2	2	1	2	1	2	1	2	1	2	1	2	2	2	1	1	2	2	1	1	1	2	1	2	1	2	1	1	2	2	2	2	1	2	2	2	1	2	1	2	1	1	1	1	2	2	2
HG02236	1	2	2	1	2	2	1	2	2	2	2	2	2	2	2	1	1	2	2	1	2	1	2	2	2	2	1	2	2	1	2	1	2	1	2	1	2	1	1	2	2	2	1	2	2	1	1	2	2	1
HG02238	1	2	1	1	2	2	1	2	1	2	2	1	1	1	1	1	1	2	1	2	1	1	2	2	2	2	2	2	2	1	1	2	2	2	1	2	1	2	1	2	2	1	1	2	1	1	2	2	2	1
HG02239	1	1	1	1	1	1	1	2	2	2	2	2	2	2	1	1	2	1	1	1	1	1	1	2	2	2	1	1	2	1	2	2	1	1	1	1	2	1	1	2	2	2	2	2	1	2	1	2	1	1
NA06984	1	2	2	1	2	2	2	2	1	1	1	2	1	1	1	2	2	2	2	1	1	1	2	2	1	2	1	2	1	1	2	2	2	2	1	2	2	2	2	2	1	1	2	1	2	2	1	1	2	2
NA06985	1	1	1	2	1	2	2	1	2	2	1	1	2	1	1	2	1	2	2	2	2	1	2	2	2	1	1	2	1	2	2	1	1	1	1	2	2	1	2	2	2	2	1	1	2	2	1	1	2	1
NA06986	2	1	1	2	1	2	1	1	2	2	2	2	1	1	2	2	1	1	1	1	1	1	1	1	1	2	2	1	1	2	1	2	1	1	2	1	1	2	2	2	1	2	2	2	1	1	1	2	2	2
NA06989	2	2	1	1	1	2	2	2	2	2	1	2	2	2	1	2	1	2	2	1	2	2	2	1	2	1	2	2	2	1	1	2	1	1	1	1	1	2	2	1	2	1	2	2	1	1	2	2	1	1
NA06994	1	1	2	1	1	2	2	2	1	2	2	1	1	2	2	2	2	2	1	2	1	2	2	1	1	2	1	1	1	2	2	1	2	1	1	2	1	2	2	1	1	2	2	1	1	1	1	2	1	2
NA07000	2	2	1	2	1	1	1	1	1	2	2	2	2	2	2	2	2	2	2	2	2	1	2	1	2	1	2	1	2	2	2	2	1	1	1	1	1	1	2	1	1	1	2	1	1	2	2	1	2	2
NA07037	2	1	2	1	2	1	1	2	1	1	1	1	2	2	1	2	1	2	1	2	2	1	1	1	2	2	1	1	2	1	2	1	2	1	2	2	1	2	1	1	2	2	1	2	1	2	2	2	1	1
NA07048	1	1	2	1	2	2	2	1	1	2	1	1	1	2	2	2	1	2	1	1	2	1	1	2	1	1	2	2	2	2	2	1	1	1	1	1	1	2	1	1	2	1	1	2	2	2	1	2	2	1
NA07051	1	2	2	2	2	1	1	2	1	1	2	2	2	1	2	2	2	2	1	1	1	1	2	2	2	2	2	2	2	2	2	2	1	1	2	1	2	1	1	2	2	1	2	2	2	2	1	2	2	1
NA07056	2	1	1	1	1	2	1	1	1	2	1	2	2	1	1	2	1	2	1	1	1	1	1	1	1	1	1	1	1	1	1	1	1	2	2	1	1	1	1	2	2	2	2	1	2	1	1	2	2	2
NA07347	2	2	1	2	1	1	2	1	1	2	1	1	1	2	2	1	2	1	1	2	2	2	1	1	1	2	1	2	1	1	1	2	2	1	1	2	2	1	1	1	1	2	2	1	2	2	1	1	1	1
NA07357	1	2	1	1	1	1	1	2	1	1	1	1	2	2	1	2	1	2	2	1	1	1	1	1	2	2	1	1	2	2	1	1	2	2	2	2	2	1	2	1	2	2	2	1	2	2	1	2	1	2
NA10847	1	1	2	1	1	2	1	1	2	2	2	2	2	2	1	1	2	2	2	2	2	1	1	2	2	2	1	2	1	1	1	1	1	1	2	2	1	1	1	1	2	2	1	2	2	1	1	1	1	2
NA10851	1	2	1	1	2	2	1	2	1	2	2	2	1	2	2	2	2	1	2	2	1	1	2	1	1	2	1	2	1	1	1	2	2	1	2	1	2	1	2	2	2	1	2	1	2	1	2	1	2	2
NA11829	1	1	2	2	1	2	1	1	2	1	1	1	1	1	1	1	1	1	2	1	2	2	2	1	2	2	2	1	1	1	1	1	2	1	2	1	2	2	2	2	1	2	2	1	2	2	1	1	1	2
NA11830	1	2	1	2	1	1	1	1	1	1	2	1	2	2	1	1	2	2	2	1	1	1	2	2	1	2	2	2	2	1	1	2	1	1	1	1	2	2	1	1	1	1	2	1	2	2	1	1	1	2
NA11831	2	2	2	1	1	1	2	2	2	2	1	2	2	2	1	2	2	1	1	1	2	1	2	1	1	2	2	2	2	2	2	2	2	1	2	2	1	2	2	1	1	1	2	1	2	2	1	1	2	2
NA11832	1	1	2	1	1	1	2	1	2	1	2	1	1	1	2	1	1	2	2	2	2	1	2	2	1	2	2	1	1	2	2	1	2	2	1	2	2	1	1	1	1	1	1	2	2	2	2	1	1	2
NA11840	2	1	1	1	2	1	1	2	1	2	2	1	1	1	1	1	1	1	2	1	1	2	1	2	2	1	1	1	1	1	2	2	1	2	2	2	1	2	1	2	2	2	1	1	2	2	2	1	2	1
NA11843	1	2	2	2	1	1	1	2	1	1	2	2	1	1	1	2	1	1	2	2	2	1	2	2	1	1	1	1	1	1	1	1	2	2	1	1	1	1	2	2	2	2	1	1	2	1	2	1	2	1
NA11881	2	1	2	2	2	1	1	2	1	1	2	2	1	2	2	1	2	1	2	2	2	1	2	1	2	2	2	2	1	2	1	2	1	2	2	1	1	1	2	2	2	2	1	1	2	1	1	2	1	2
NA11892	1	1	1	2	2	1	1	1	1	2	1	2	2	1	2	1	2	1	1	2	2	1	2	2	1	2	2	2	2	1	2	2	1	2	1	2	2	2	1	2	1	1	2	2	2	1	2	2	2	1
NA11893	2	2	1	2	1	1	2	1	2	2	1	2	1	1	1	2	2	2	2	2	1	1	2	2	2	1	2	1	2	2	2	1	2	2	1	2	2	1	2	2	1	2	1	2	1	1	2	1	1	1
NA11894	2	2	1	1	1	2	2	1	1	1	1	1	1	2	2	1	2	2	1	1	2	2	2	2	2	2	1	1	2	1	1	2	1	1	1	2	2	1	2	2	2	1	2	1	2	2	2	1	2	2
NA11918	1	1	2	2	1	2	2	2	2	2	1	1	1	1	1	2	2	2	1	1	2	2	1	1	2	1	1	2	2	2	1	2	2	1	1	1	1	2	2	1	2	2	1	1	1	1	2	1	2	1
NA11919	2	2	2	2	1	2	2	1	2	1	2	1	1	2	2	2	1	1	1	1	2	1	2	1	1	2	1	2	2	1	2	1	1	1	1	2	2	1	2	1	1	2	1	1	1	1	2	2	1	2
NA11920	2	1	2	1	1	2	1	2	1	2	1	1	1	2	1	1	1	1	2	1	2	2	1	2	1	2	1	2	2	2	1	2	1	1	1	2	2	1	1	2	1	1	2	1	2	1	1	1	1	2
NA11930	2	1	2	1	2	1	1	1	2	1	2	1	2	1	1	2	1	2	2	2	1	2	2	2	1	2	1	2	2	2	1	2	2	1	1	1	1	2	1	1	1	1	1	1	2	1	2	1	2	2
NA11932	1	1	1	1	1	2	1	1	1	1	1	1	1	1	1	2	1	1	1	1	1	1	2	1	2	2	2	2	2	2	1	2	1	1	2	1	2	2	2	2	2	1	1	2	2	1	1	2	1	1
NA11933	1	2	2	1	1	1	2	2	1	1	1	2	2	2	1	1	2	1	2	1	2	2	2	1	1	1	2	2	2	1	1	2	1	2	1	1	2	2	1	1	1	2	2	1	2	2	2	1	1	2
NA11992	1	1	2	1	2	2	1	2	2	2	2	2	1	1	2	1	1	1	1	1	2	2	1	2	2	1	2	2	2	1	1	2	2	1	2	1	2	1	2	1	2	1	2	2	2	2	1	1	1	2
NA11994	1	2	2	1	1	2	2	2	2	2	2	2	2	1	2	1	1	1	2	1	2	1	1	1	2	1	1	2	1	1	2	2	2	1	2	2	2	1	2	1	1	2	1	2	1	2	2	1	1	2
NA11995	1	2	2	2	2	2	2	2	2	2	2	2	1	1	1	1	2	1	1	2	2	2	1	2	1	1	2	1	2	2	1	1	2	1	2	1	2	2	1	2	1	1	2	1	1	1	2	1	1	1
NA12003	1	2	1	2	2	2	2	2	1	2	1	2	1	1	1	1	2	2	2	2	1	2	1	2	1	2	2	2	1	2	1	2	1	2	1	1	2	1	2	1	1	1	2	1	2	2	1	2	2	1
NA12004	2	2	1	1	2	1	1	1	2	1	2	2	1	2	1	1	1	1	2	1	1	2	1	2	2	2	2	1	2	1	1	2	2	1	2	1	2	2	1	1	1	1	2	1	1	2	2	2	2	1
NA12005	2	1	2	1	1	2	1	2	1	2	1	2	2	2	1	2	2	2	1	2	1	2	1	2	1	2	1	2	1	1	2	1	1	1	1	1	1	2	1	2	2	1	2	2	2	1	2	2	2	2
NA12006	2	1	1	2	2	2	2	1	2	1	1	2	2	1	2	2	2	1	1	1	1	2	2	2	2	1	1	2	1	2	1	2	1	2	2	1	2	1	1	1	1	2	1	1	1	1	2	2	2	1
NA12043	2	2	1	2	2	1	1	2	2	2	2	1	2	2	1	1	2	2	2	2	1	1	1	2	1	2	1	2	1	2	1	2	2	2	1	1	2	1	1	1	2	1	1	2	2	1	2	2	1	2
NA12044	2	2	1	1	2	2	1	1	1	1	2	2	2	1	1	1	2	1	1	1	1	1	1	1	2	2	1	2	2	2	2	1	2	1	2	2	1	1	1	1	2	1	2	2	1	1	2	1	2	2
NA12046	2	1	1	2	1	1	1	2	1	2	2	1	1	2	2	2	1	1	2	2	2	2	1	1	1	1	1	1	2	2	2	2	1	1	1	1	1	2	2	1	2	2	2	2	2	1	1	1	2	1
NA12058	1	2	2	2	1	1	2	1	1	2	2	2	1	1	1	1	2	1	2	2	2	1	2	2	2	2	1	1	2	1	1	1	1	2	1	1	2	2	1	1	1	1	2	2	2	2	2	1	1	2
NA12144	2	1	1	2	2	2	2	1	1	2	2	2	2	1	1	2	1	2	2	1	1	1	1	1	2	2	1	1	1	2	2	1	1	2	2	1	2	1	2	2	1	1	1	2	2	2	1	1	2	1
NA12154	2	2	1	1	2	1	2	1	2	2	1	2	1	1	1	1	2	1	2	1	2	1	1	2	1	2	1	1	1	1	1	2	2	2	2	2	2	2	1	1	2	1	1	1	1	2	2	2	2	1
NA12156	1	2	2	2	2	1	2	2	2	2	2	1	1	2	1	1	2	1	1	2	2	2	1	1	1	2	2	1	2	1	2	2	2	2	2	1	2	2	2	2	1	1	2	1	1	1	1	1	1	2
NA12234	2	2	1	2	1	1	2	2	1	2	2	1	2	1	1	2	1	2	1	1	2	2	1	1	1	2	1	2	1	1	1	1	1	2	2	1	2	2	2	2	1	1	2	2	1	2	1	1	1	2
NA12249	2	2	1	1	1	2	2	1	2	1	2	2	2	2	2	2	2	1	2	2	2	2	2	2	1	1	1	1	1	2	2	2	2	2	2	1	2	2	1	2	1	2	2	1	2	2	2	2	1	2
NA12272	1	2	1	1	2	1	2	1	1	2	2	1	2	1	2	2	1	1	1	1	2	2	2	2	1	1	2	2	2	1	2	1	1	2	2	2	1	2	2	1	1	1	2	2	2	1	2	1	2	2
NA12273	1	1	2	1	2	1	2	2	2	2	2	1	1	1	1	2	1	1	2	1	2	2	1	2	1	1	2	1	1	1	2	1	1	1	2	1	2	2	1	2	2	2	2	2	1	2	2	1	2	1
NA12275	1	1	2	2	1	1	2	2	2	2	2	2	2	2	2	2	2	1	2	2	2	2	2	1	1	1	2	2	1	2	2	1	2	2	2	2	2	2	1	2	1	2	2	2	1	1	2	2	2	2
NA12282	2	1	2	2	1	2	1	2	2	2	1	1	2	1	2	2	1	1	1	2	2	1	2	2	1	1	2	1	2	2	1	2	2	2	1	2	2	1	1	2	1	1	1	2	1	1	2	2	1	1
NA12283	1	2	1	2	2	2	1	2	1	2	2	1	1	1	1	2	2	1	1	2	1	1	1	2	1	1	2	1	1	1	2	1	1	2	2	2	1	2	1	1	2	1	1	2	2	1	1	1	2	2
NA12286	2	2	1	1	2	1	1	2	2	1	2	1	2	1	2	2	1	1	2	1	1	1	1	2	1	2	2	2	2	1	1	1	2	1	2	2	2	2	1	1	2	1	2	1	1	1	1	1	1	2
NA12287	2	1	1	1	2	1	2	2	1	2	1	1	1	1	1	1	1	1	1	2	1	1	2	2	1	2	1	1	1	1	1	2	2	1	1	1	2	1	2	2	2	1	1	2	1	1	1	1	2	2
NA12340	2	2	1	1	2	2	2	2	2	1	1	1	2	2	1	2	2	2	1	1	1	2	2	1	2	2	1	2	2	1	2	1	1	1	1	2	2	1	2	1	2	1	1	1	2	2	2	1	2	1
NA12341	1	1	2	2	2	1	1	1	2	2	1	2	1	1	1	1	2	1	1	2	2	2	1	2	1	1	2	1	1	2	2	1	1	1	1	1	2	2	2	2	1	1	2	1	1	2	2	1	1	1
NA12342	1	1	1	2	2	1	1	2	1	2	2	1	2	2	1	1	1	1	1	1	1	2	1	1	1	1	2	1	2	2	2	1	1	2	1	1	2	1	2	1	2	1	1	2	2	2	1	1	1	2
NA12347	2	1	2	2	2	1	2	1	2	1	1	1	1	1	2	2	2	1	2	2	2	2	1	1	1	2	2	2	1	2	1	1	1	2	1	1	2	1	2	2	1	2	2	1	1	1	2	2	2	2
NA12348	2	1	2	1	1	2	2	1	1	2	2	1	2	1	1	2	2	1	1	2	1	1	1	1	1	1	2	2	2	2	2	2	2	2	2	2	2	2	2	2	2	2	1	1	1	2	1	2	1	2
NA12399	1	2	1	2	1	1	1	2	1	2	1	2	1	2	1	1	2	1	2	2	1	1	1	2	2	1	1	2	2	1	1	1	1	1	1	2	2	1	2	1	1	1	2	1	1	2	1	2	1	2
NA12400	2	1	1	1	1	2	2	1	1	2	2	2	1	1	2	2	2	2	1	2	1	2	1	2	2	2	1	2	2	1	1	1	2	2	2	2	2	2	1	1	2	1	1	1	2	2	2	1	2	2
NA12413	1	1	1	2	1	2	1	1	2	1	2	2	1	2	2	1	2	1	2	2	2	1	1	1	2	2	2	2	1	1	2	1	1	1	1	2	1	2	1	1	1	1	1	2	1	1	1	2	2	1
NA12414	1	2	2	2	1	2	1	1	2	1	1	2	2	2	2	2	2	1	1	2	1	2	1	2	2	1	2	2	2	2	1	1	1	1	2	2	2	2	1	2	1	1	2	1	2	1	1	2	2	2
NA12489	1	2	1	2	2	1	1	2	2	1	1	2	1	1	2	2	2	2	1	2	2	1	1	1	1	2	2	1	2	1	1	2	1	1	2	2	2	1	2	2	1	2	1	1	2	1	1	2	1	2
NA12546	2	1	1	2	2	2	2	2	2	2	1	2	2	1	2	1	1	1	1	1	1	1	2	2	1	1	1	1	1	1	1	2	1	2	1	2	1	1	1	2	2	2	2	1	1	1	1	2	1	2
NA12716	1	2	1	2	2	1	1	2	1	1	1	1	1	2	1	2	1	2	2	2	2	2	1	1	1	2	1	2	2	1	1	1	2	2	2	1	2	2	2	1	1	1	1	1	2	2	1	2	1	2
NA12717	2	1	2	1	1	2	1	2	2	2	2	1	2	2	1	2	1	2	2	2	2	1	2	1	2	2	2	2	1	2	2	2	2	1	2	2	1	1	1	1	2	2	2	1	2	1	1	2	1	2
NA12718	1	2	2	2	2	2	1	2	2	1	2	1	2	2	1	1	2	2	1	1	1	1	1	1	1	1	2	2	1	1	2	2	2	2	2	1	2	2	1	2	1	2	2	2	1	2	1	2	2	2
NA12748	1	1	1	2	2	1	2	2	1	1	2	1	2	2	2	1	2	1	1	2	2	2	2	1	1	2	2	1	2	1	1	1	2	1	1	1	1	2	2	1	1	1	1	2	1	1	2	2	2	2
NA12749	1	1	1	1	2	1	2	2	2	1	1	2	1	2	2	1	2	2	2	1	1	2	1	2	1	2	2	2	1	1	2	2	1	1	1	2	2	2	2	2	1	1	1	1	1	1	1	1	1	1
NA12750	2	2	2	2	1	2	1	2	1	1	1	1	1	1	1	2	2	1	2	1	1	2	2	2	2	1	2	2	1	2	1	2	2	2	1	2	1	2	1	2	2	2	2	2	1	1	2	2	1	1
NA12751	1	1	2	2	2	2	2	2	2	1	2	2	2	2	2	1	2	2	1	2	1	2	1	2	1	1	1	1	2	2	2	2	2	1	2	2	1	2	2	1	1	1	1	2	2	1	1	2	1	1
NA12761	1	1	2	1	2	1	2	2	2	2	1	2	2	1	2	2	1	2	2	2	2	1	1	2	2	2	2	2	1	1	1	1	1	2	2	2	1	2	2	1	1	1	1	1	2	2	2	2	1	1
NA12762	1	2	2	2	2	1	1	1	1	2	1	1	2	1	1	2	1	1	2	1	2	2	1	2	2	2	2	2	1	2	2	2	2	2	1	2	2	1	1	2	2	1	1	1	1	2	2	2	2	2
NA12763	2	2	2	1	1	2	2	1	1	1	1	1	2	2	2	2	1	2	1	1	2	1	1	1	1	2	2	1	1	2	1	1	2	2	2	2	2	1	2	2	2	1	1	2	1	1	1	1	2	1
NA12775	1	2	2	2	1	1	2	1	1	1	1	1	1	2	2	1	1	2	1	2	1	1	2	1	1	1	2	1	2	2	1	1	1	1	2	1	1	2	2	1	2	2	2	1	2	1	2	2	1	2
NA12776	1	2	2	2	2	2	2	2	1	2	1	1	1	1	1	2	2	1	1	1	2	2	1	1	1	2	2	1	1	2	2	2	2	1	1	1	1	1	2	1	1	1	2	1	1	1	2	2	1	2
NA12777	1	2	1	2	2	2	1	2	2	1	1	2	2	1	1	2	1	1	2	2	1	1	2	1	1	1	2	2	1	2	2	2	1	2	1	2	1	2	1	2	2	2	1	2	2	1	2	2	1	1
NA12778	1	1	2	1	2	1	2	2	2	1	1	2	1	2	2	1	2	2	1	2	2	2	2	1	1	1	2	1	1	1	1	2	2	2	1	2	1	1	2	1	1	2	2	2	1	2	1	1	2	1
NA12812	2	1	1	2	1	1	1	2	2	1	1	1	1	1	2	2	1	1	2	1	1	1	1	1	1	2	2	1	1	2	1	1	2	2	1	1	1	2	1	2	2	2	2	1	2	1	2	1	2	1
NA12813	2	2	2	2	2	1	1	1	2	2	2	2	1	1	2	2	1	2	2	2	2	2	2	1	1	1	1	2	2	1	1	1	1	2	2	1	2	1	2	2	2	2	2	2	2	2	2	2	2	1
NA12814	2	2	1	2	2	1	1	2	2	2	1	1	2	2	2	2	2	2	1	2	1	2	2	1	2	2	2	1	2	2	2	2	1	1	2	2	1	1	1	2	1	1	2	2	2	2	1	2	2	2
NA12815	1	1	2	2	2	1	2	1	1	1	2	1	1	2	1	1	2	1	2	1	2	2	1	2	1	1	1	2	1	1	1	1	2	2	2	1	2	2	2	1	2	1	2	1	1	2	2	2	1	2
NA12827	2	2	1	2	2	1	2	2	1	2	1	1	2	2	1	2	1	2	1	2	2	2	2	1	2	2	1	2	1	1	2	2	1	2	2	1	2	2	1	1	1	2	2	1	1	2	1	1	1	2
NA12828	1	1	1	2	1	2	1	1	1	2	1	1	2	1	1	1	1	2	2	1	1	1	2	1	1	1	2	1	2	2	1	1	2	1	2	1	1	1	1	2	1	2	2	2	2	1	2	1	1	1
NA12829	2	2	2	2	1	1	2	1	2	2	1	2	2	2	2	2	2	2	1	1	1	1	2	2	2	1	1	1	1	1	1	1	2	1	2	2	2	1	2	1	2	2	2	1	1	1	1	2	2	2
NA12830	2	2	2	2	1	1	2	1	1	2	1	1	1	1	1	2	1	2	2	1	1	2	2	1	1	1	2	2	2	1	2	2	2	1	1	2	1	1	2	1	2	1	1	2	2	1	1	2	1	1
NA12842	1	2	2	1	1	2	2	2	2	2	1	2	1	2	2	1	1	1	1	1	1	1	2	1	1	2	2	1	1	2	2	1	1	2	1	1	2	2	1	1	2	1	1	2	1	2	1	2	2	2
NA12843	1	1	2	2	2	1	2	2	2	2	1	1	1	2	1	2	2	1	1	2	2	2	2	1	1	2	2	1	2	1	1	2	1	2	1	2	2	2	2	2	2	1	2	1	1	1	1	2	1	2
NA12872	1	1	1	2	1	1	2	1	2	1	2	2	2	2	2	1	2	1	1	1	2	2	1	2	2	1	2	2	2	2	2	1	2	2	1	2	1	2	2	1	2	1	1	1	2	2	1	1	2	1
NA12873	2	2	2	2	2	2	1	2	2	1	2	1	2	2	2	2	2	2	2	1	1	1	2	1	2	2	2	2	1	1	2	1	1	2	1	1	2	1	1	2	2	2	2	2	1	2	1	2	2	2
NA12874	2	2	2	1	2	2	1	2	2	1	2	1	2	2	2	1	2	1	1	1	1	2	2	1	1	2	2	1	2	1	1	1	2	1	1	2	2	2	2	2	2	1	2	1	1	2	1	1	2	2
NA12878	1	1	2	1	1	1	2	2	1	1	1	1	2	2	2	2	1	1	2	1	2	1	2	2	1	2	1	1	1	2	1	1	1	2	1	2	1	2	2	2	2	2	2	2	1	2	2	1	1	2
NA12889	1	2	2	1	1	2	2	2	1	2	1	1	2	2	2	1	1	1	1	2	2	1	2	2	2	2	2	1	2	1	1	2	1	1	1	1	2	2	1	1	2	2	2	1	1	1	2	1	1	1
NA12890	1	2	1	1	1	1	2	2	1	1	1	2	2	2	1	2	1	2	1	2	1	2	1	2	1	2	1	1	1	2	1	2	1	2	1	2	1	2	2	1	1	2	2	2	1	2	2	2	1	1
NA20502	1	1	1	2	1	1	1	2	2	2	1	2	2	2	1	1	1	2	1	1	1	1	1	1	1	1	2	1	1	2	2	2	1	2	1	1	1	2	2	2	1	1	2	2	2	1	1	2	2	2
NA20503	2	2	1	2	1	2	1	1	2	1	1	2	1	2	1	2	2	1	2	2	1	1	1	1	1	2	2	1	2	1	2	2	2	2	1	1	2	1	1	2	2	2	1	1	2	2	2	1	2	2
NA20504	2	2	1	1	1	1	1	1	1	1	2	1	1	1	1	1	2	1	1	2	2	2	2	1	2	2	2	2	1	1	2	1	2	2	1	1	2	1	1	2	2	2	2	2	1	2	2	1	1	1
NA20505	1	2	2	1	2	2	1	1	2	2	1	2	2	2	2	1	1	2	2	2	1	2	2	1	2	2	2	2	2	2	1	1	1	2	2	1	1	1	2	1	1	1	2	2	1	1	2	2	1	1
NA20506	1	1	1	2	1	2	2	1	1	2	1	1	2	2	1	2	1	2	2	1	1	1	2	2	1	1	2	2	1	1	2	2	1	1	2	2	1	1	2	1	1	1	1	1	2	2	1	1	2	1
NA20507	2	2	2	2	1	2	1	1	1	1	1	2	2	1	1	2	2	1	1	1	1	2	2	2	2	2	1	1	2	1	1	2	1	2	2	2	1	1	2	2	2	1	1	1	2	1	1	2	1	2
NA20508	2	1	1	2	2	1	2	1	2	2	1	2	2	2	2	2	1	2	2	2	1	1	2	2	1	2	1	2	1	1	2	1	1	1	1	1	1	1	1	2	1	2	1	1	2	2	1	2	1	1
NA20509	2	1	2	1	1	1	1	2	2	1	1	1	2	1	1	1	1	1	2	1	1	2	2	2	2	1	1	1	1	2	2	2	2	1	1	2	1	1	1	1	1	1	2	1	1	1	2	2	2	2
NA20510	1	2	2	1	1	2	2	1	1	1	1	1	1	1	2	1	1	1	2	2	2	1	2	2	1	2	2	2	1	2	2	1	2	2	1	1	2	1	2	1	1	2	2	1	1	1	1	2	2	1
NA20511	1	2	1	2	1	1	2	2	1	2	1	2	1	2	2	1	2	2	1	1	2	1	1	2	1	2	1	1	2	2	1	2	1	2	2	1	2	1	1	1	1	2	1	1	1	2	2	2	2	2
NA20512	1	2	2	2	2	1	1	1	1	2	2	2	1	2	2	1	1	2	1	1	2	1	1	1	2	2	2	2	1	2	1	1	1	1	1	1	2	1	1	1	2	2	1	2	2	2	2	2	1	1
NA20513	2	1	1	2	2	2	1	1	1	2	2	2	2	2	2	1	1	1	2	1	2	2	1	2	2	2	1	1	2	2	2	2	2	1	1	2	1	2	1	2	1	1	2	2	2	1	1	2	1	1
NA20514	2	2	2	2	1	1	2	1	1	1	2	1	1	1	1	1	2	1	2	2	1	2	1	2	2	1	1	1	2	2	2	1	1	1	2	2	1	1	1	2	1	1	1	2	1	1	1	1	1	2
NA20515	2	2	2	2	1	2	1	1	1	2	1	2	1	1	1	1	1	1	2	2	1	2	2	2	2	1	1	2	1	2	2	2	1	2	2	2	1	1	1	2	1	2	2	2	1	1	1	2	2	1
NA20516	1	2	1	2	1	2	1	2	2	2	2	2	1	2	1	1	1	1	2	1	1	2	1	2	2	2	2	2	1	2	1	2	2	1	2	1	2	2	1	2	1	1	2	1	1	2	1	2	1	1
NA20517	2	1	2	2	1	2	1	1	1	1	1	2	2	2	2	2	2	1	2	1	1	2	2	2	1	2	2	1	1	1	2	2	2	1	1	1	1	1	2	2	1	2	1	2	1	1	1	1	2	2
NA20518	1	2	2	2	1	1	1	2	2	2	1	1	2	1	2	2	1	1	2	2	1	1	2	1	1	2	1	2	1	2	1	2	1	2	2	1	2	2	2	1	2	2	1	2	1	2	2	2	1	1
NA20519	1	2	1	2	1	1	2	2	1	2	2	2	1	2	2	2	2	1	1	1	2	2	1	1	1	2	2	2	1	1	1	1	1	2	2	1	2	1	2	2	1	1	2	1	1	2	1	2	1	2
NA20520	2	1	2	2	1	2	1	2	1	1	2	2	2	1	1	2	1	1	1	1	2	1	2	2	2	2	1	1	1	2	2	2	2	1	1	2	1	2	2	2	1	2	1	1	1	1	2	2	2	1
NA20521	2	1	1	1	1	2	2	1	2	1	1	2	2	2	2	1	1	2	2	1	2	1	1	1	1	1	2	1	1	1	1	2	1	1	1	2	2	1	1	2	1	1	2	2	1	1	1	2	1	2
NA20522	1	2	2	1	1	1	2	1	2	1	2	2	2	2	2	2	2	2	2	1	1	2	1	2	2	1	2	1	2	1	2	2	1	1	2	2	1	1	2	2	1	2	1	1	1	1	1	1	1	1
NA20524	2	1	1	1	2	2	1	1	2	2	2	1	1	1	1	1	1	1	1	1	2	2	1	2	2	2	2	1	2	1	1	1	2	2	1	2	1	2	2	2	2	2	1	2	2	2	2	1	1	2
NA20525	1	1	2	2	2	1	2	1	1	2	1	2	1	2	2	2	1	1	1	1	2	1	2	1	1	1	2	2	2	1	1	2	1	2	1	1	2	2	2	1	2	1	1	2	2	2	1	2	1	2
NA20527	2	1	2	2	1	1	2	1	2	2	1	2	1	2	2	1	1	2	2	2	2	1	1	1	2	2	1	1	2	2	2	1	2	2	1	2	2	2	2	1	2	1	2	1	1	2	1	2	1	1
NA20528	1	2	2	1	1	2	2	1	2	1	1	1	1	1	1	2	2	1	1	1	2	1	1	2	2	2	1	1	2	2	2	1	2	2	1	2	1	1	2	1	1	2	1	1	2	1	2	1	1	2
NA20529	1	1	1	2	1	2	1	2	2	1	1	1	1	1	1	1	2	1	2	1	2	1	1	1	1	1	2	1	1	1	2	1	1	2	2	2	2	1	2	1	2	2	1	1	2	2	1	2	2	1
NA20530	2	2	2	1	2	2	2	2	1	1	1	2	2	1	1	2	2	2	2	1	2	2	2	2	2	1	2	1	2	1	1	1	1	2	1	2	1	1	2	1	1	2	1	1	1	2	1	1	2	2
NA20531	2	1	1	1	2	1	1	1	1	1	2	1	1	2	1	1	2	1	2	2	1	2	1	1	1	1	1	2	1	2	1	1	2	1	1	1	2	2	1	1	2	2	2	1	1	1	1	1	1	1
NA20532	1	1	1	2	2	2	2	2	2	1	2	2	1	1	2	2	2	1	1	1	1	2	2	1	1	1	1	1	1	1	2	2	1	1	1	2	2	2	1	1	1	2	1	2	2	2	1	2	1	2
NA20533	1	1	1	2	2	1	2	1	1	1	1	1	2	2	1	2	2	2	1	2	1	2	2	2	1	1	2	1	2	2	2	2	2	1	2	1	1	2	1	2	2	1	2	1	2	1	2	1	1	2
NA20534	2	2	1	1	2	1	1	1	2	1	2	2	1	2	2	1	2	2	1	2	2	1	1	1	2	2	2	1	1	2	2	2	1	2	1	2	1	1	2	1	2	2	1	2	1	1	1	2	2	2
NA20535	2	2	2	1	1	2	2	1	2	1	2	2	2	2	1	2	2	2	2	2	2	1	1	1	2	1	2	2	2	2	1	2	2	2	1	2	1	2	1	1	1	1	2	2	2	1	2	2	2	1
NA20536	1	2	2	1	2	2	2	2	1	1	2	2	2	1	2	1	2	2	2	2	1	2	1	2	1	1	1	2	1	1	2	1	2	2	1	1	1	1	1	1	1	2	2	2	1	2	1	2	2	1
NA20538	2	1	1	1	2	2	2	1	1	2	1	1	1	1	2	1	1	2	2	2	1	2	2	1	2	1	1	1	2	1	2	1	1	2	2	1	1	1	2	1	2	2	1	2	1	2	2	1	1	2
NA20539	2	1	1	2	1	1	1	1	1	2	1	2	2	1	2	1	1	1	1	2	1	1	2	1	1	1	1	2	1	1	2	2	1	2	1	1	2	2	2	1	1	2	2	1	1	1	1	2	1	2
NA20540	2	2	2	2	1	1	1	2	2	1	2	2	1	2	1	2	1	2	1	2	2	1	1	1	2	1	2	1	1	1	2	1	1	1	1	2	1	1	1	2	1	1	2	1	2	2	1	1	1	1
NA20541	2	1	2	1	1	2	1	2	2	1	1	1	1	1	2	1	2	1	2	2	1	2	1	1	2	1	2	1	1	1	2	1	1	2	2	1	1	1	2	2	2	2	2	2	2	1	1	1	2	1
NA20542	2	1	2	1	2	1	1	1	2	1	1	2	2	2	2	1	2	2	2	1	2	2	2	1	2	2	1	2	1	1	2	2	2	2	1	1	1	2	1	2	1	1	1	1	2	2	2	1	2	1
NA20543	2	2	1	1	2	2	1	1	2	2	2	1	1	1	1	1	2	1	1	1	2	2	2	1	1	1	1	1	2	2	2	1	2	1	1	2	1	2	1	2	1	2	1	2	2	2	1	1	1	2
NA20544	1	1	1	1	1	2	2	2	2	1	1	2	2	2	1	2	2	2	1	2	2	1	2	1	2	2	2	2	2	1	1	1	1	1	2	2	1	2	2	2	2	2	2	1	1	1	2	1	2	2
NA20581	2	2	2	2	2	2	1	2	1	2	1	2	2	1	1	1	2	1	1	2	1	2	2	1	2	1	2	1	2	2	2	1	2	2	1	1	1	2	1	1	1	2	2	2	1	1	1	1	1	2
NA20582	1	1	1	2	1	2	1	1	2	1	1	1	1	2	1	1	2	2	1	1	2	2	1	1	2	1	1	1	2	1	1	2	2	1	2	2	1	2	1	1	2	1	1	2	2	2	2	1	2	2
NA20585	2	1	1	2	2	1	2	1	2	2	2	1	1	1	1	2	1	1	1	1	1	1	2	2	1	2	1	2	2	2	2	1	1	1	2	2	1	1	2	2	1	2	2	2	2	2	2	2	1	1
NA20586	2	1	2	1	1	2	2	2	2	2	2	1	1	2	2	1	1	2	1	1	2	1	1	1	2	2	1	1	2	1	1	1	2	2	1	2	1	2	2	1	1	1	1	1	2	2	2	1	2	1
NA20587	1	1	1	2	1	1	2	1	2	2	1	1	2	1	2	2	1	1	1	1	1	1	1	1	1	1	1	2	2	2	1	1	2	2	1	2	1	1	1	1	1	1	1	2	1	2	2	2	2	1
NA20588	1	1	1	2	1	1	1	1	2	1	2	2	1	2	2	2	1	1	1	1	2	2	1	2	1	1	2	2	2	1	1	1	1	2	1	2	1	2	2	2	1	2	2	2	2	1	2	2	2	2
NA20589	1	1	1	2	1	1	1	1	2	2	2	2	1	2	1	1	1	1	2	1	1	2	1	2	1	1	2	2	1	1	1	2	2	1	1	1	1	1	1	2	2	1	2	1	1	1	1	2	2	1
NA20752	1	2	2	1	2	2	2	2	1	2	2	2	2	1	1	2	2	2	1	1	1	1	2	1	2	1	1	1	1	2	1	2	2	1	1	1	2	1	1	1	2	1	2	1	1	1	1	1	1	2
NA20753	1	1	2	2	1	1	1	1	2	2	2	1	1	1	1	2	2	1	1	2	1	2	1	1	1	1	1	2	1	2	1	1	1	1	2	1	2	1	2	1	1	1	2	2	1	2	1	1	1	2
NA20754	1	1	1	1	2	2	1	1	2	1	1	2	2	1	2	2	1	2	1	1	1	2	2	1	2	1	1	1	2	2	2	1	1	2	1	1	1	2	2	2	1	1	1	1	1	1	1	2	1	1
NA20755	1	1	1	2	2	1	2	2	1	2	1	2	2	1	1	1	1	2	2	1	1	1	2	1	2	1	2	1	1	1	1	2	1	2	1	2	1	2	1	2	1	2	1	2	1	2	2	2	1	2
NA20756	1	2	1	2	1	1	1	1	2	1	2	2	1	2	2	1	1	1	2	2	1	2	1	1	1	1	1	1	1	2	2	2	2	1	1	1	1	1	1	2	2	2	1	1	1	1	2	2	2	2
NA20757	1	1	1	1	2	1	2	1	2	1	2	2	2	2	2	2	1	2	2	1	2	1	2	2	1	2	2	1	2	2	1	1	1	2	1	1	2	1	2	1	1	1	2	1	2	1	1	1	2	1
NA20758	2	2	1	2	2	1	1	1	2	1	1	1	2	2	2	1	2	1	1	1	2	1	1	1	1	2	2	1	1	1	2	1	2	1	1	1	2	1	1	1	1	1	2	2	1	2	2	1	2	1
NA20759	1	1	1	1	2	1	1	1	1	2	2	1	1	1	2	2	1	2	2	1	1	1	2	2	1	2	2	2	2	1	2	1	1	2	2	2	1	2	1	1	1	1	2	1	2	1	1	1	2	1
NA20760	2	2	1	2	1	2	1	2	2	1	1	1	1	2	1	2	1	1	2	2	1	2	2	1	2	2	1	1	1	2	2	2	2	2	2	2	1	1	2	1	1	1	1	1	1	1	2	2	2	1
NA20761	1	2	2	2	1	1	2	1	2	2	1	1	2	2	1	2	2	2	2	2	2	2	1	2	1	1	1	2	1	2	1	1	1	2	1	1	2	2	2	1	2	2	2	1	2	1	2	1	1	2
NA20762	2	1	2	2	1	2	1	1	2	2	2	2	1	1	2	2	2	2	1	2	2	1	1	1	1	2	2	2	1	1	2	1	1	2	2	2	1	2	1	2	1	2	1	2	1	2	1	2	1	1
NA20763	2	1	1	1	2	1	2	1	2	2	2	2	1	2	1	1	2	2	2	1	2	2	1	1	1	2	1	2	1	1	2	1	1	2	1	2	2	1	1	2	1	1	2	1	1	1	1	1	1	2
NA20764	2	1	2	1	2	2	2	2	2	2	2	2	2	2	1	2	2	1	2	2	2	2	2	1	2	2	1	2	1	1	1	1	2	1	2	2	1	1	1	2	1	1	1	2	2	2	1	1	2	1
NA20765	2	1	1	2	1	2	1	2	1	2	2	1	2	2	1	2	1	2	2	1	2	1	2	2	1	1	1	1	1	2	2	2	2	2	1	1	1	2	2	2	1	1	2	2	2	1	2	1	1	1
NA20766	1	2	2	2	2	2	2	1	1	1	2	2	2	2	1	2	2	1	1	1	1	2	1	1	2	1	2	1	1	2	2	2	1	2	2	1	2	1	2	1	2	2	1	1	1	1	1	1	1	2
NA20767	1	2	2	2	1	2	2	2	1	2	2	2	1	2	2	1	2	2	2	2	1	1	1	1	1	2	1	1	2	1	1	1	1	1	1	1	2	1	1	2	1	1	1	1	1	2	1	1	2	2
NA20768	2	1	2	2	1	1	2	2	2	2	1	1	2	1	1	1	1	2	1	2	1	1	1	1	1	1	1	1	1	2	2	1	1	1	1	1	2	1	1	2	2	1	2	1	2	1	2	2	1	1
NA20769	2	1	2	2	2	1	2	2	2	1	1	1	1	1	2	2	2	2	1	1	1	1	1	1	1	1	1	1	1	1	1	2	2	2	1	1	1	1	1	2	2	2	1	2	2	2	2	1	2	1
NA20771	2	1	2	2	2	2	1	1	2	1	1	2	1	2	1	1	1	2	2	2	2	1	1	1	1	1	2	1	1	2	2	2	1	2	1	1	1	1	2	2	2	2	2	2	1	2	1	1	2	2
NA20772	1	2	1	2	1	2	2	1	2	1	1	1	2	1	1	1	1	2	2	1	2	2	1	1	1	2	1	2	2	1	1	1	2	2	1	2	1	1	1	2	2	1	2	1	1	1	2	1	1	2
NA20773	2	2	2	1	2	2	2	1	2	2	2	2	1	1	2	2	1	1	1	2	1	1	2	2	2	2	1	1	2	1	2	1	1	1	2	2	2	2	1	1	2	1	2	2	2	1	1	1	2	1
NA20774	2	1	2	2	1	2	1	2	2	2	1	1	2	2	1	1	2	2	1	2	2	1	2	2	1	1	2	1	1	2	2	1	2	2	2	1	1	2	1	2	1	1	1	2	2	1	2	2	2	2
NA20775	2	1	2	2	2	1	2	1	2	1	1	1	2	2	2	1	2	1	2	1	1	2	2	2	1	2	2	1	2	2	2	2	1	1	2	2	1	2	2	1	1	1	1	2	1	1	1	1	1	2
NA20778	2	1	2	2	1	1	1	2	2	1	1	2	1	2	2	1	1	2	1	2	2	2	2	2	2	1	2	2	1	2	1	2	1	2	2	2	1	2	1	1	2	2	2	2	2	1	2	1	1	2
NA20783	2	1	1	1	2	1	1	2	2	2	2	2	2	2	2	2	1	1	1	2	2	1	1	2	1	1	1	1	1	1	2	2	1	1	2	2	1	1	2	1	2	1	1	2	2	2	1	1	2	1
NA20785	1	2	1	2	2	2	2	1	1	2	1	2	1	2	1	2	1	1	2	1	1	2	2	2	2	2	2	2	1	1	2	2	1	1	1	2	1	2	2	2	1	2	1	2	2	1	1	2	1	1
NA20790	1	2	2	2	1	2	1	1	1	1	1	1	2	1	2	2	2	2	1	1	1	2	1	1	2	1	1	1	1	2	2	1	2	1	1	1	1	2	2	2	2	2	1	2	1	2	2	2	1	2
NA20792	2	2	1	2	1	1	2	2	1	1	1	1	2	1	1	1	1	2	1	1	1	1	1	1	2	1	2	1	1	2	2	2	1	1	2	2	1	2	1	1	1	1	1	2	1	2	1	2	2	1
NA20795	2	2	2	2	2	2	1	2	2	1	2	2	2	1	1	2	1	2	2	2	1	2	2	1	2	2	1	2	1	2	2	2	2	2	1	2	1	1	2	2	1	1	1	2	2	1	1	1	2	2
NA20796	1	2	1	1	1	2	1	2	1	2	2	1	2	2	1	1	2	2	1	2	2	2	1	2	2	1	1	2	1	1	2	2	2	1	2	2	2	2	1	2	1	2	1	1	2	2	1	2	2	1
NA20797	2	2	1	2	1	1	2	1	2	1	2	1	2	1	2	1	1	2	2	1	1	1	2	1	1	2	2	1	1	1	1	1	1	1	2	2	2	2	1	2	1	2	1	1	2	2	1	1	1	1
NA20798	2	1	1	2	1	1	2	2	2	1	2	2	2	1	1	1	2	2	2	1	1	1	2	2	1	2	1	1	1	1	2	1	2	2	1	2	2	1	2	1	2	2	2	1	1	2	1	1	2	2
NA20799	2	1	1	1	2	1	1	2	2	1	2	2	2	1	2	2	1	2	2	2	2	1	2	2	2	2	2	1	1	2	2	1	2	2	1	1	1	2	2	2	1	2	2	2	1	1	1	1	1	1
NA20800	1	2	2	1	1	2	2	2	2	1	1	2	1	1	1	2	2	1	1	1	1	2	1	2	2	1	2	1	2	2	2	2	2	2	1	1	2	1	1	1	2	1	1	1	1	2	2	1	2	1
NA20801	2	2	2	2	2	1	2	1	2	1	1	1	2	2	2	1	1	2	2	2	2	2	2	1	2	1	2	1	2	1	1	2	1	1	2	2	2	2	2	1	2	1	1	2	2	2	1	1	2	2
NA20802	1	2	2	2	2	2	1	2	1	2	1	2	1	1	1	1	2	2	1	2	1	2	2	2	1	2	2	2	2	2	1	2	2	1	1	2	1	1	1	1	2	2	1	1	2	2	1	2	2	2
NA20803	1	2	2	1	2	2	2	2	2	2	2	1	2	1	2	1	2	1	1	1	2	2	1	1	1	1	2	2	2	1	2	2	2	1	1	1	2	1	1	2	1	1	2	2	1	1	1	1	2	1
NA20804	2	1	2	2	1	1	2	1	2	2	1	2	1	2	1	2	1	1	1	2	1	2	2	1	2	1	1	2	1	1	2	1	2	1	1	2	2	2	1	1	1	2	2	1	1	1	2	1	1	2
NA20805	1	2	1	1	2	1	1	2	2	2	1	1	1	2	1	1	1	1	1	1	1	2	2	2	2	2	2	2	1	2	2	2	2	2	2	1	1	2	1	2	1	2	2	2	2	1	2	2	1	2
NA20806	2	2	2	1	1	2	1	2	2	1	1	1	1	1	2	1	1	2	2	2	2	2	2	2	1	1	1	2	2	1	2	2	1	1	1	1	1	2	2	2	1	2	1	1	1	1	2	2	1	1
NA20807	1	1	2	2	1	2	2	2	1	2	1	2	2	1	2	1	2	2	1	1	2	2	1	1	2	1	1	1	1	2	1	2	1	2	2	1	1	2	1	1	1	2	2	2	2	1	2	1	1	1
NA20808	1	2	2	1	2	1	1	2	1	1	1	1	2	1	2	1	1	1	2	1	1	1	2	1	1	1	2	2	1	2	2	2	2	2	1	2	1	1	1	2	1	1	2	1	1	1	2	1	1	2
NA20809	1	2	1	2	2	1	1	1	1	2	1	2	1	1	1	1	1	2	2	1	1	2	2	2	1	2	1	2	2	2	2	1	1	2	1	1	1	1	2	1	1	2	1	2	1	1	1	2	1	2
NA20810	2	2	1	1	2	2	2	1	1	1	1	1	1	1	2	2	2	1	1	1	2	1	2	1	1	2	2	1	1	2	2	2	2	1	1	2	1	2	2	2	2	2	2	2	1	1	1	1	2	1
NA20811	2	1	1	1	2	1	2	1	1	1	2	1	1	2	1	2	1	1	2	2	1	1	1	1	1	2	1	1	1	1	1	2	1	2	2	2	1	2	2	2	1	1	2	1	1	2	2	2	2	1
NA20812	2	1	1	2	2	1	2	1	1	2	2	2	2	1	2	1	1	1	2	1	2	2	2	2	2	2	2	2	1	1	1	1	2	2	1	1	1	1	2	2	1	2	2	1	1	1	2	1	1	2
NA20813	1	1	2	1	2	2	2	1	2	1	2	1	2	1	1	1	1	1	1	2	2	1	1	1	2	2	2	2	1	1	1	1	2	2	1	2	1	1	1	2	2	1	1	1	1	2	1	1	2	1
NA20814	2	2	2	1	1	2	1	1	1	2	2	1	2	1	1	1	2	2	2	1	1	2	1	1	1	1	1	1	1	2	1	1	1	1	1	1	2	2	1	2	2	2	1	2	2	1	2	2	1	1
NA20815	2	1	1	2	2	2	2	2	1	2	2	1	2	1	1	2	1	2	1	1	2	1	1	1	2	2	2	2	2	1	2	2	2	1	2	2	1	1	2	2	2	1	1	1	1	2	2	2	2	1
NA20818	2	2	2	1	2	1	1	2	2	1	2	1	2	1	1	1	2	1	2	2	1	2	1	1	2	2	2	2	1	1	1	1	1	2	1	2	2	2	2	2	1	1	2	1	2	1	1	1	1	1
NA20819	1	1	2	2	2	2	2	2	2	2	2	1	1	1	1	1	2	2	2	1	1	1	2	1	2	1	2	1	1	1	2	1	1	1	1	1	2	2	2	2	2	2	2	1	2	1	2	1	2	1
NA20821	1	2	1	2	1	1	1	1	1	2	2	1	2	2	2	2	2	1	2	2	2	2	1	1	1	2	1	2	1	2	2	2	1	1	2	2	2	1	1	2	2	1	1	1	2	2	1	2	2	1
NA20822	2	2	2	2	2	2	2	1	1	2	2	2	2	2	1	2	2	1	2	1	2	1	2	1	1	2	1	2	1	2	2	2	1	1	1	2	2	1	2	2	2	2	1	1	1	1	2	1	2	2
NA20826	2	1	2	2	1	1	2	2	1	2	1	2	1	1	1	2	2	1	2	1	1	2	1	2	2	2	1	1	1	2	1	1	2	2	1	2	2	2	1	1	2	2	2	1	2	1	2	2	1	2
NA20827	1	1	2	1	2	2	2	2	2	1	2	2	2	2	2	2	2	1	1	1	1	2	1	1	1	1	1	2	1	2	2	1	2	1	2	1	1	2	1	2	2	1	1	1	1	1	1	1	1	1
NA20828	1	2	2	2	2	2	2	2	1	1	1	1	1	2	2	2	2	1	1	1	2	2	1	1	2	1	2	2	1	2	2	1	2	2	2	2	1	2	2	2	1	1	2	1	2	1	1	1	1	1
NA20832	2	2	2	1	1	2	1	1	1	1	1	2	2	1	2	2	1	2	1	2	2	1	1	1	1	1	2	1	2	1	2	2	1	2	1	2	1	2	2	1	1	2	1	2	1	1	2	2	2	2
